   950.000  0.50000002E-03
   950.100  0.50000002E-03
   950.200  0.50000002E-03
   950.300  0.50000002E-03
   950.400  0.50000002E-03
   950.501  0.50000002E-03
   950.601  0.50000002E-03
   950.701  0.50000002E-03
   950.801  0.50000002E-03
   950.901  0.50000002E-03
   951.001  0.50000002E-03
   951.101  0.50000002E-03
   951.201  0.50000002E-03
   951.301  0.50000002E-03
   951.401  0.50000002E-03
   951.502  0.50000002E-03
   951.602  0.50000002E-03
   951.702  0.50000002E-03
   951.802  0.50000002E-03
   951.902  0.50000002E-03
   952.002  0.50000002E-03
   952.102  0.50000002E-03
   952.202  0.50000002E-03
   952.302  0.50000002E-03
   952.402  0.50000002E-03
   952.503  0.50000002E-03
   952.603  0.50000002E-03
   952.703  0.50000002E-03
   952.803  0.50000002E-03
   952.903  0.50000002E-03
   953.003  0.50000002E-03
   953.103  0.50000002E-03
   953.203  0.50000002E-03
   953.303  0.50000002E-03
   953.403  0.50000002E-03
   953.504  0.50000002E-03
   953.604  0.50000002E-03
   953.704  0.50000002E-03
   953.804  0.50000002E-03
   953.904  0.50000002E-03
   954.004  0.50000002E-03
   954.104  0.50000002E-03
   954.204  0.50000002E-03
   954.304  0.50000002E-03
   954.404  0.50000002E-03
   954.505  0.50000002E-03
   954.605  0.50000002E-03
   954.705  0.50000002E-03
   954.805  0.50000002E-03
   954.905  0.50000002E-03
   955.005  0.50000002E-03
   955.105  0.50000002E-03
   955.205  0.50000002E-03
   955.305  0.50000002E-03
   955.405  0.50000002E-03
   955.506  0.50000002E-03
   955.606  0.50000002E-03
   955.706  0.50000002E-03
   955.806  0.50000002E-03
   955.906  0.50000002E-03
   956.006  0.50000002E-03
   956.106  0.50000002E-03
   956.206  0.50000002E-03
   956.306  0.50000002E-03
   956.406  0.50000002E-03
   956.507  0.50000002E-03
   956.607  0.50000002E-03
   956.707  0.50000002E-03
   956.807  0.50000002E-03
   956.907  0.50000002E-03
   957.007  0.50000002E-03
   957.107  0.50000002E-03
   957.207  0.50000002E-03
   957.307  0.50000002E-03
   957.407  0.50000002E-03
   957.508  0.50000002E-03
   957.608  0.50000002E-03
   957.708  0.50000002E-03
   957.808  0.50000002E-03
   957.908  0.50000002E-03
   958.008  0.50000002E-03
   958.108  0.50000002E-03
   958.208  0.50000002E-03
   958.308  0.50000002E-03
   958.408  0.50000002E-03
   958.509  0.50000002E-03
   958.609  0.50000002E-03
   958.709  0.50000002E-03
   958.809  0.50000002E-03
   958.909  0.50000002E-03
   959.009  0.50000002E-03
   959.109  0.50000002E-03
   959.209  0.50000002E-03
   959.309  0.50000002E-03
   959.409  0.50000002E-03
   959.510  0.50000002E-03
   959.610  0.50000002E-03
   959.710  0.50000002E-03
   959.810  0.50000002E-03
   959.910  0.50000002E-03
   960.010  0.50000002E-03
   960.110  0.50000002E-03
   960.210  0.50000002E-03
   960.310  0.50000002E-03
   960.410  0.50000002E-03
   960.511  0.50000002E-03
   960.611  0.50000002E-03
   960.711  0.50000002E-03
   960.811  0.50000002E-03
   960.911  0.50000002E-03
   961.011  0.50000002E-03
   961.111  0.50000002E-03
   961.211  0.50000002E-03
   961.311  0.50000002E-03
   961.411  0.50000002E-03
   961.512  0.50000002E-03
   961.612  0.50000002E-03
   961.712  0.50000002E-03
   961.812  0.50000002E-03
   961.912  0.50000002E-03
   962.012  0.50000002E-03
   962.112  0.50000002E-03
   962.212  0.50000002E-03
   962.312  0.50000002E-03
   962.412  0.50000002E-03
   962.513  0.50000002E-03
   962.613  0.50000002E-03
   962.713  0.50000002E-03
   962.813  0.50000002E-03
   962.913  0.50000002E-03
   963.013  0.50000002E-03
   963.113  0.50000002E-03
   963.213  0.50000002E-03
   963.313  0.50000002E-03
   963.413  0.50000002E-03
   963.514  0.50000002E-03
   963.614  0.50000002E-03
   963.714  0.50000002E-03
   963.814  0.50000002E-03
   963.914  0.50000002E-03
   964.014  0.50000002E-03
   964.114  0.50000002E-03
   964.214  0.50000002E-03
   964.314  0.50000002E-03
   964.414  0.50000002E-03
   964.515  0.50000002E-03
   964.615  0.50000002E-03
   964.715  0.50000002E-03
   964.815  0.50000002E-03
   964.915  0.50000002E-03
   965.015  0.50000002E-03
   965.115  0.50000002E-03
   965.215  0.50000002E-03
   965.315  0.50000002E-03
   965.415  0.50000002E-03
   965.516  0.50000002E-03
   965.616  0.50000002E-03
   965.716  0.50000002E-03
   965.816  0.50000002E-03
   965.916  0.50000002E-03
   966.016  0.50000002E-03
   966.116  0.50000002E-03
   966.216  0.50000002E-03
   966.316  0.50000002E-03
   966.416  0.50000002E-03
   966.517  0.50000002E-03
   966.617  0.50000002E-03
   966.717  0.50000002E-03
   966.817  0.50000002E-03
   966.917  0.50000002E-03
   967.017  0.50000002E-03
   967.117  0.50000002E-03
   967.217  0.50000002E-03
   967.317  0.50000002E-03
   967.417  0.50000002E-03
   967.518  0.50000002E-03
   967.618  0.50000002E-03
   967.718  0.50000002E-03
   967.818  0.50000002E-03
   967.918  0.50000002E-03
   968.018  0.50000002E-03
   968.118  0.50000002E-03
   968.218  0.50000002E-03
   968.318  0.50000002E-03
   968.418  0.50000002E-03
   968.519  0.50000002E-03
   968.619  0.50000002E-03
   968.719  0.50000002E-03
   968.819  0.50000002E-03
   968.919  0.50000002E-03
   969.019  0.50000002E-03
   969.119  0.50000002E-03
   969.219  0.50000002E-03
   969.319  0.50000002E-03
   969.419  0.50000002E-03
   969.520  0.50000002E-03
   969.620  0.50000002E-03
   969.720  0.50000002E-03
   969.820  0.50000002E-03
   969.920  0.50000002E-03
   970.020  0.50000002E-03
   970.120  0.50000002E-03
   970.220  0.50000002E-03
   970.320  0.50000002E-03
   970.420  0.50000002E-03
   970.521  0.50000002E-03
   970.621  0.50000002E-03
   970.721  0.50000002E-03
   970.821  0.50000002E-03
   970.921  0.50000002E-03
   971.021  0.50000002E-03
   971.121  0.50000002E-03
   971.221  0.50000002E-03
   971.321  0.50000002E-03
   971.421  0.50000002E-03
   971.522  0.50000002E-03
   971.622  0.50000002E-03
   971.722  0.50000002E-03
   971.822  0.50000002E-03
   971.922  0.50000002E-03
   972.022  0.50000002E-03
   972.122  0.50000002E-03
   972.222  0.50000002E-03
   972.322  0.50000002E-03
   972.422  0.50000002E-03
   972.523  0.50000002E-03
   972.623  0.50000002E-03
   972.723  0.50000002E-03
   972.823  0.50000002E-03
   972.923  0.50000002E-03
   973.023  0.50000002E-03
   973.123  0.50000002E-03
   973.223  0.50000002E-03
   973.323  0.50000002E-03
   973.423  0.50000002E-03
   973.524  0.50000002E-03
   973.624  0.50000002E-03
   973.724  0.50000002E-03
   973.824  0.50000002E-03
   973.924  0.50000002E-03
   974.024  0.50000002E-03
   974.124  0.50000002E-03
   974.224  0.50000002E-03
   974.324  0.50000002E-03
   974.424  0.50000002E-03
   974.525  0.50000002E-03
   974.625  0.50000002E-03
   974.725  0.50000002E-03
   974.825  0.50000002E-03
   974.925  0.50000002E-03
   975.025  0.50000002E-03
   975.125  0.50000002E-03
   975.225  0.50000002E-03
   975.325  0.50000002E-03
   975.425  0.50000002E-03
   975.526  0.50000002E-03
   975.626  0.50000002E-03
   975.726  0.50000002E-03
   975.826  0.50000002E-03
   975.926  0.50000002E-03
   976.026  0.50000002E-03
   976.126  0.50000002E-03
   976.226  0.50000002E-03
   976.326  0.50000002E-03
   976.426  0.50000002E-03
   976.527  0.50000002E-03
   976.627  0.50000002E-03
   976.727  0.50000002E-03
   976.827  0.50000002E-03
   976.927  0.50000002E-03
   977.027  0.50000002E-03
   977.127  0.50000002E-03
   977.227  0.50000002E-03
   977.327  0.50000002E-03
   977.427  0.50000002E-03
   977.528  0.50000002E-03
   977.628  0.50000002E-03
   977.728  0.50000002E-03
   977.828  0.50000002E-03
   977.928  0.50000002E-03
   978.028  0.50000002E-03
   978.128  0.50000002E-03
   978.228  0.50000002E-03
   978.328  0.50000002E-03
   978.428  0.50000002E-03
   978.529  0.50000002E-03
   978.629  0.50000002E-03
   978.729  0.50000002E-03
   978.829  0.50000002E-03
   978.929  0.50000002E-03
   979.029  0.50000002E-03
   979.129  0.50000002E-03
   979.229  0.50000002E-03
   979.329  0.50000002E-03
   979.429  0.50000002E-03
   979.530  0.50000002E-03
   979.630  0.50000002E-03
   979.730  0.50000002E-03
   979.830  0.50000002E-03
   979.930  0.50000002E-03
   980.030  0.50000002E-03
   980.130  0.50000002E-03
   980.230  0.50000002E-03
   980.330  0.50000002E-03
   980.430  0.50000002E-03
   980.531  0.50000002E-03
   980.631  0.50000002E-03
   980.731  0.50000002E-03
   980.831  0.50000002E-03
   980.931  0.50000002E-03
   981.031  0.50000002E-03
   981.131  0.50000002E-03
   981.231  0.50000002E-03
   981.331  0.50000002E-03
   981.431  0.50000002E-03
   981.532  0.50000002E-03
   981.632  0.50000002E-03
   981.732  0.50000002E-03
   981.832  0.50000002E-03
   981.932  0.50000002E-03
   982.032  0.50000002E-03
   982.132  0.50000002E-03
   982.232  0.50000002E-03
   982.332  0.50000002E-03
   982.432  0.50000002E-03
   982.533  0.50000002E-03
   982.633  0.50000002E-03
   982.733  0.50000002E-03
   982.833  0.50000002E-03
   982.933  0.50000002E-03
   983.033  0.50000002E-03
   983.133  0.50000002E-03
   983.233  0.50000002E-03
   983.333  0.50000002E-03
   983.433  0.50000002E-03
   983.534  0.50000002E-03
   983.634  0.50000002E-03
   983.734  0.50000002E-03
   983.834  0.50000002E-03
   983.934  0.50000002E-03
   984.034  0.50000002E-03
   984.134  0.50000002E-03
   984.234  0.50000002E-03
   984.334  0.50000002E-03
   984.434  0.50000002E-03
   984.535  0.50000002E-03
   984.635  0.50000002E-03
   984.735  0.50000002E-03
   984.835  0.50000002E-03
   984.935  0.50000002E-03
   985.035  0.50000002E-03
   985.135  0.50000002E-03
   985.235  0.50000002E-03
   985.335  0.50000002E-03
   985.435  0.50000002E-03
   985.536  0.50000002E-03
   985.636  0.50000002E-03
   985.736  0.50000002E-03
   985.836  0.50000002E-03
   985.936  0.50000002E-03
   986.036  0.50000002E-03
   986.136  0.50000002E-03
   986.236  0.50000002E-03
   986.336  0.50000002E-03
   986.436  0.50000002E-03
   986.537  0.50000002E-03
   986.637  0.50000002E-03
   986.737  0.50000002E-03
   986.837  0.50000002E-03
   986.937  0.50000002E-03
   987.037  0.50000002E-03
   987.137  0.50000002E-03
   987.237  0.50000002E-03
   987.337  0.50000002E-03
   987.437  0.50000002E-03
   987.538  0.50000002E-03
   987.638  0.50000002E-03
   987.738  0.50000002E-03
   987.838  0.50000002E-03
   987.938  0.50000002E-03
   988.038  0.50000002E-03
   988.138  0.50000002E-03
   988.238  0.50000002E-03
   988.338  0.50000002E-03
   988.438  0.50000002E-03
   988.539  0.50000002E-03
   988.639  0.50000002E-03
   988.739  0.50000002E-03
   988.839  0.50000002E-03
   988.939  0.50000002E-03
   989.039  0.50000002E-03
   989.139  0.50000002E-03
   989.239  0.50000002E-03
   989.339  0.50000002E-03
   989.439  0.50000002E-03
   989.540  0.50000002E-03
   989.640  0.50000002E-03
   989.740  0.50000002E-03
   989.840  0.50000002E-03
   989.940  0.50000002E-03
   990.040  0.50000002E-03
   990.140  0.50000002E-03
   990.240  0.50000002E-03
   990.340  0.50000002E-03
   990.440  0.50000002E-03
   990.541  0.50000002E-03
   990.641  0.50000002E-03
   990.741  0.50000002E-03
   990.841  0.50000002E-03
   990.941  0.50000002E-03
   991.041  0.50000002E-03
   991.141  0.50000002E-03
   991.241  0.50000002E-03
   991.341  0.50000002E-03
   991.441  0.50000002E-03
   991.542  0.50000002E-03
   991.642  0.50000002E-03
   991.742  0.50000002E-03
   991.842  0.50000002E-03
   991.942  0.50000002E-03
   992.042  0.50000002E-03
   992.142  0.50000002E-03
   992.242  0.50000002E-03
   992.342  0.50000002E-03
   992.442  0.50000002E-03
   992.543  0.50000002E-03
   992.643  0.50000002E-03
   992.743  0.50000002E-03
   992.843  0.50000002E-03
   992.943  0.50000002E-03
   993.043  0.50000002E-03
   993.143  0.50000002E-03
   993.243  0.50000002E-03
   993.343  0.50000002E-03
   993.443  0.50000002E-03
   993.544  0.50000002E-03
   993.644  0.50000002E-03
   993.744  0.50000002E-03
   993.844  0.50000002E-03
   993.944  0.50000002E-03
   994.044  0.50000002E-03
   994.144  0.50000002E-03
   994.244  0.50000002E-03
   994.344  0.50000002E-03
   994.444  0.50000002E-03
   994.545  0.50000002E-03
   994.645  0.50000002E-03
   994.745  0.50000002E-03
   994.845  0.50000002E-03
   994.945  0.50000002E-03
   995.045  0.50000002E-03
   995.145  0.50000002E-03
   995.245  0.50000002E-03
   995.345  0.50000002E-03
   995.445  0.50000002E-03
   995.546  0.50000002E-03
   995.646  0.50000002E-03
   995.746  0.50000002E-03
   995.846  0.50000002E-03
   995.946  0.50000002E-03
   996.046  0.50000002E-03
   996.146  0.50000002E-03
   996.246  0.50000002E-03
   996.346  0.50000002E-03
   996.446  0.50000002E-03
   996.547  0.50000002E-03
   996.647  0.50000002E-03
   996.747  0.50000002E-03
   996.847  0.50000002E-03
   996.947  0.50000002E-03
   997.047  0.50000002E-03
   997.147  0.50000002E-03
   997.247  0.50000002E-03
   997.347  0.50000002E-03
   997.447  0.50000002E-03
   997.548  0.50000002E-03
   997.648  0.50000002E-03
   997.748  0.50000002E-03
   997.848  0.50000002E-03
   997.948  0.50000002E-03
   998.048  0.50000002E-03
   998.148  0.50000002E-03
   998.248  0.50000002E-03
   998.348  0.50000002E-03
   998.448  0.50000002E-03
   998.549  0.50000002E-03
   998.649  0.50000002E-03
   998.749  0.50000002E-03
   998.849  0.50000002E-03
   998.949  0.50000002E-03
   999.049  0.50000002E-03
   999.149  0.50000002E-03
   999.249  0.50000002E-03
   999.349  0.50000002E-03
   999.449  0.50000002E-03
   999.550  0.50000002E-03
   999.650  0.50000002E-03
   999.750  0.50000002E-03
   999.850  0.50000002E-03
   999.950  0.50000002E-03
  1000.050  0.50000002E-03
  1000.150  0.50000002E-03
  1000.250  0.50000002E-03
  1000.350  0.50000002E-03
  1000.450  0.50000002E-03
  1000.551  0.50000002E-03
  1000.651  0.50000002E-03
  1000.751  0.50000002E-03
  1000.851  0.50000002E-03
  1000.951  0.50000002E-03
  1001.051  0.50000002E-03
  1001.151  0.50000002E-03
  1001.251  0.50000002E-03
  1001.351  0.50000002E-03
  1001.451  0.50000002E-03
  1001.552  0.50000002E-03
  1001.652  0.50000002E-03
  1001.752  0.50000002E-03
  1001.852  0.50000002E-03
  1001.952  0.50000002E-03
  1002.052  0.50000002E-03
  1002.152  0.50000002E-03
  1002.252  0.50000002E-03
  1002.352  0.50000002E-03
  1002.452  0.50000002E-03
  1002.553  0.50000002E-03
  1002.653  0.50000002E-03
  1002.753  0.50000002E-03
  1002.853  0.50000002E-03
  1002.953  0.50000002E-03
  1003.053  0.50000002E-03
  1003.153  0.50000002E-03
  1003.253  0.50000002E-03
  1003.353  0.50000002E-03
  1003.453  0.50000002E-03
  1003.554  0.50000002E-03
  1003.654  0.50000002E-03
  1003.754  0.50000002E-03
  1003.854  0.50000002E-03
  1003.954  0.50000002E-03
  1004.054  0.50000002E-03
  1004.154  0.50000002E-03
  1004.254  0.50000002E-03
  1004.354  0.50000002E-03
  1004.454  0.50000002E-03
  1004.555  0.50000002E-03
  1004.655  0.50000002E-03
  1004.755  0.50000002E-03
  1004.855  0.50000002E-03
  1004.955  0.50000002E-03
  1005.055  0.50000002E-03
  1005.155  0.50000002E-03
  1005.255  0.50000002E-03
  1005.355  0.50000002E-03
  1005.455  0.50000002E-03
  1005.556  0.50000002E-03
  1005.656  0.50000002E-03
  1005.756  0.50000002E-03
  1005.856  0.50000002E-03
  1005.956  0.50000002E-03
  1006.056  0.50000002E-03
  1006.156  0.50000002E-03
  1006.256  0.50000002E-03
  1006.356  0.50000002E-03
  1006.456  0.50000002E-03
  1006.557  0.50000002E-03
  1006.657  0.50000002E-03
  1006.757  0.50000002E-03
  1006.857  0.50000002E-03
  1006.957  0.50000002E-03
  1007.057  0.50000002E-03
  1007.157  0.50000002E-03
  1007.257  0.50000002E-03
  1007.357  0.50000002E-03
  1007.457  0.50000002E-03
  1007.558  0.50000002E-03
  1007.658  0.50000002E-03
  1007.758  0.50000002E-03
  1007.858  0.50000002E-03
  1007.958  0.50000002E-03
  1008.058  0.50000002E-03
  1008.158  0.50000002E-03
  1008.258  0.50000002E-03
  1008.358  0.50000002E-03
  1008.458  0.50000002E-03
  1008.559  0.50000002E-03
  1008.659  0.50000002E-03
  1008.759  0.50000002E-03
  1008.859  0.50000002E-03
  1008.959  0.50000002E-03
  1009.059  0.50000002E-03
  1009.159  0.50000002E-03
  1009.259  0.50000002E-03
  1009.359  0.50000002E-03
  1009.459  0.50000002E-03
  1009.560  0.50000002E-03
  1009.660  0.50000002E-03
  1009.760  0.50000002E-03
  1009.860  0.50000002E-03
  1009.960  0.50000002E-03
  1010.060  0.50000002E-03
  1010.160  0.50000002E-03
  1010.260  0.50000002E-03
  1010.360  0.50000002E-03
  1010.460  0.50000002E-03
  1010.561  0.50000002E-03
  1010.661  0.50000002E-03
  1010.761  0.50000002E-03
  1010.861  0.50000002E-03
  1010.961  0.50000002E-03
  1011.061  0.50000002E-03
  1011.161  0.50000002E-03
  1011.261  0.50000002E-03
  1011.361  0.50000002E-03
  1011.461  0.50000002E-03
  1011.562  0.50000002E-03
  1011.662  0.50000002E-03
  1011.762  0.50000002E-03
  1011.862  0.50000002E-03
  1011.962  0.50000002E-03
  1012.062  0.50000002E-03
  1012.162  0.50000002E-03
  1012.262  0.50000002E-03
  1012.362  0.50000002E-03
  1012.462  0.50000002E-03
  1012.563  0.50000002E-03
  1012.663  0.50000002E-03
  1012.763  0.50000002E-03
  1012.863  0.50000002E-03
  1012.963  0.50000002E-03
  1013.063  0.50000002E-03
  1013.163  0.50000002E-03
  1013.263  0.50000002E-03
  1013.363  0.50000002E-03
  1013.463  0.50000002E-03
  1013.564  0.50000002E-03
  1013.664  0.50000002E-03
  1013.764  0.50000002E-03
  1013.864  0.50000002E-03
  1013.964  0.50000002E-03
  1014.064  0.50000002E-03
  1014.164  0.50000002E-03
  1014.264  0.50000002E-03
  1014.364  0.50000002E-03
  1014.464  0.50000002E-03
  1014.565  0.50000002E-03
  1014.665  0.50000002E-03
  1014.765  0.50000002E-03
  1014.865  0.50000002E-03
  1014.965  0.50000002E-03
  1015.065  0.50000002E-03
  1015.165  0.50000002E-03
  1015.265  0.50000002E-03
  1015.365  0.50000002E-03
  1015.465  0.50000002E-03
  1015.566  0.50000002E-03
  1015.666  0.50000002E-03
  1015.766  0.50000002E-03
  1015.866  0.50000002E-03
  1015.966  0.50000002E-03
  1016.066  0.50000002E-03
  1016.166  0.50000002E-03
  1016.266  0.50000002E-03
  1016.366  0.50000002E-03
  1016.466  0.50000002E-03
  1016.567  0.50000002E-03
  1016.667  0.50000002E-03
  1016.767  0.50000002E-03
  1016.867  0.50000002E-03
  1016.967  0.50000002E-03
  1017.067  0.50000002E-03
  1017.167  0.50000002E-03
  1017.267  0.50000002E-03
  1017.367  0.50000002E-03
  1017.467  0.50000002E-03
  1017.568  0.50000002E-03
  1017.668  0.50000002E-03
  1017.768  0.50000002E-03
  1017.868  0.50000002E-03
  1017.968  0.50000002E-03
  1018.068  0.50000002E-03
  1018.168  0.50000002E-03
  1018.268  0.50000002E-03
  1018.368  0.50000002E-03
  1018.468  0.50000002E-03
  1018.569  0.50000002E-03
  1018.669  0.50000002E-03
  1018.769  0.50000002E-03
  1018.869  0.50000002E-03
  1018.969  0.50000002E-03
  1019.069  0.50000002E-03
  1019.169  0.50000002E-03
  1019.269  0.50000002E-03
  1019.369  0.50000002E-03
  1019.469  0.50000002E-03
  1019.570  0.50000002E-03
  1019.670  0.50000002E-03
  1019.770  0.50000002E-03
  1019.870  0.50000002E-03
  1019.970  0.50000002E-03
  1020.070  0.50000002E-03
  1020.170  0.50000002E-03
  1020.270  0.50000002E-03
  1020.370  0.50000002E-03
  1020.470  0.50000002E-03
  1020.571  0.50000002E-03
  1020.671  0.50000002E-03
  1020.771  0.50000002E-03
  1020.871  0.50000002E-03
  1020.971  0.50000002E-03
  1021.071  0.50000002E-03
  1021.171  0.50000002E-03
  1021.271  0.50000002E-03
  1021.371  0.50000002E-03
  1021.471  0.50000002E-03
  1021.572  0.50000002E-03
  1021.672  0.50000002E-03
  1021.772  0.50000002E-03
  1021.872  0.50000002E-03
  1021.972  0.50000002E-03
  1022.072  0.50000002E-03
  1022.172  0.50000002E-03
  1022.272  0.50000002E-03
  1022.372  0.50000002E-03
  1022.472  0.50000002E-03
  1022.573  0.50000002E-03
  1022.673  0.50000002E-03
  1022.773  0.50000002E-03
  1022.873  0.50000002E-03
  1022.973  0.50000002E-03
  1023.073  0.50000002E-03
  1023.173  0.50000002E-03
  1023.273  0.50000002E-03
  1023.373  0.50000002E-03
  1023.473  0.50000002E-03
  1023.574  0.50000002E-03
  1023.674  0.50000002E-03
  1023.774  0.50000002E-03
  1023.874  0.50000002E-03
  1023.974  0.50000002E-03
  1024.074  0.50000002E-03
  1024.174  0.50000002E-03
  1024.274  0.50000002E-03
  1024.374  0.50000002E-03
  1024.474  0.50000002E-03
  1024.575  0.50000002E-03
  1024.675  0.50000002E-03
  1024.775  0.50000002E-03
  1024.875  0.50000002E-03
  1024.975  0.50000002E-03
  1025.075  0.50000002E-03
  1025.175  0.50000002E-03
  1025.275  0.50000002E-03
  1025.375  0.50000002E-03
  1025.475  0.50000002E-03
  1025.576  0.50000002E-03
  1025.676  0.50000002E-03
  1025.776  0.50000002E-03
  1025.876  0.50000002E-03
  1025.976  0.50000002E-03
  1026.076  0.50000002E-03
  1026.176  0.50000002E-03
  1026.276  0.50000002E-03
  1026.376  0.50000002E-03
  1026.476  0.50000002E-03
  1026.577  0.50000002E-03
  1026.677  0.50000002E-03
  1026.777  0.50000002E-03
  1026.877  0.50000002E-03
  1026.977  0.50000002E-03
  1027.077  0.50000002E-03
  1027.177  0.50000002E-03
  1027.277  0.50000002E-03
  1027.377  0.50000002E-03
  1027.477  0.50000002E-03
  1027.578  0.50000002E-03
  1027.678  0.50000002E-03
  1027.778  0.50000002E-03
  1027.878  0.50000002E-03
  1027.978  0.50000002E-03
  1028.078  0.50000002E-03
  1028.178  0.50000002E-03
  1028.278  0.50000002E-03
  1028.378  0.50000002E-03
  1028.478  0.50000002E-03
  1028.579  0.50000002E-03
  1028.679  0.50000002E-03
  1028.779  0.50000002E-03
  1028.879  0.50000002E-03
  1028.979  0.50000002E-03
  1029.079  0.50000002E-03
  1029.179  0.50000002E-03
  1029.279  0.50000002E-03
  1029.379  0.50000002E-03
  1029.479  0.50000002E-03
  1029.580  0.50000002E-03
  1029.680  0.50000002E-03
  1029.780  0.50000002E-03
  1029.880  0.50000002E-03
  1029.980  0.50000002E-03
  1030.080  0.50000002E-03
  1030.180  0.50000002E-03
  1030.280  0.50000002E-03
  1030.380  0.50000002E-03
  1030.480  0.50000002E-03
  1030.581  0.50000002E-03
  1030.681  0.50000002E-03
  1030.781  0.50000002E-03
  1030.881  0.50000002E-03
  1030.981  0.50000002E-03
  1031.081  0.50000002E-03
  1031.181  0.50000002E-03
  1031.281  0.50000002E-03
  1031.381  0.50000002E-03
  1031.481  0.50000002E-03
  1031.582  0.50000002E-03
  1031.682  0.50000002E-03
  1031.782  0.50000002E-03
  1031.882  0.50000002E-03
  1031.982  0.50000002E-03
  1032.082  0.50000002E-03
  1032.182  0.50000002E-03
  1032.282  0.50000002E-03
  1032.382  0.50000002E-03
  1032.482  0.50000002E-03
  1032.583  0.50000002E-03
  1032.683  0.50000002E-03
  1032.783  0.50000002E-03
  1032.883  0.50000002E-03
  1032.983  0.50000002E-03
  1033.083  0.50000002E-03
  1033.183  0.50000002E-03
  1033.283  0.50000002E-03
  1033.383  0.50000002E-03
  1033.483  0.50000002E-03
  1033.584  0.50000002E-03
  1033.684  0.50000002E-03
  1033.784  0.50000002E-03
  1033.884  0.50000002E-03
  1033.984  0.50000002E-03
  1034.084  0.50000002E-03
  1034.184  0.50000002E-03
  1034.284  0.50000002E-03
  1034.384  0.50000002E-03
  1034.484  0.50000002E-03
  1034.585  0.50000002E-03
  1034.685  0.50000002E-03
  1034.785  0.50000002E-03
  1034.885  0.50000002E-03
  1034.985  0.50000002E-03
  1035.085  0.50000002E-03
  1035.185  0.50000002E-03
  1035.285  0.50000002E-03
  1035.385  0.50000002E-03
  1035.485  0.50000002E-03
  1035.586  0.50000002E-03
  1035.686  0.50000002E-03
  1035.786  0.50000002E-03
  1035.886  0.50000002E-03
  1035.986  0.50000002E-03
  1036.086  0.50000002E-03
  1036.186  0.50000002E-03
  1036.286  0.50000002E-03
  1036.386  0.50000002E-03
  1036.486  0.50000002E-03
  1036.587  0.50000002E-03
  1036.687  0.50000002E-03
  1036.787  0.50000002E-03
  1036.887  0.50000002E-03
  1036.987  0.50000002E-03
  1037.087  0.50000002E-03
  1037.187  0.50000002E-03
  1037.287  0.50000002E-03
  1037.387  0.50000002E-03
  1037.487  0.50000002E-03
  1037.588  0.50000002E-03
  1037.688  0.50000002E-03
  1037.788  0.50000002E-03
  1037.888  0.50000002E-03
  1037.988  0.50000002E-03
  1038.088  0.50000002E-03
  1038.188  0.50000002E-03
  1038.288  0.50000002E-03
  1038.388  0.50000002E-03
  1038.488  0.50000002E-03
  1038.589  0.50000002E-03
  1038.689  0.50000002E-03
  1038.789  0.50000002E-03
  1038.889  0.50000002E-03
  1038.989  0.50000002E-03
  1039.089  0.50000002E-03
  1039.189  0.50000002E-03
  1039.289  0.50000002E-03
  1039.389  0.50000002E-03
  1039.489  0.50000002E-03
  1039.590  0.50000002E-03
  1039.690  0.50000002E-03
  1039.790  0.50000002E-03
  1039.890  0.50000002E-03
  1039.990  0.50000002E-03
  1040.090  0.50000002E-03
  1040.190  0.50000002E-03
  1040.290  0.50000002E-03
  1040.390  0.50000002E-03
  1040.490  0.50000002E-03
  1040.591  0.50000002E-03
  1040.691  0.50000002E-03
  1040.791  0.50000002E-03
  1040.891  0.50000002E-03
  1040.991  0.50000002E-03
  1041.091  0.50000002E-03
  1041.191  0.50000002E-03
  1041.291  0.50000002E-03
  1041.391  0.50000002E-03
  1041.491  0.50000002E-03
  1041.592  0.50000002E-03
  1041.692  0.50000002E-03
  1041.792  0.50000002E-03
  1041.892  0.50000002E-03
  1041.992  0.50000002E-03
  1042.092  0.50000002E-03
  1042.192  0.50000002E-03
  1042.292  0.50000002E-03
  1042.392  0.50000002E-03
  1042.492  0.50000002E-03
  1042.593  0.50000002E-03
  1042.693  0.50000002E-03
  1042.793  0.50000002E-03
  1042.893  0.50000002E-03
  1042.993  0.50000002E-03
  1043.093  0.50000002E-03
  1043.193  0.50000002E-03
  1043.293  0.50000002E-03
  1043.393  0.50000002E-03
  1043.493  0.50000002E-03
  1043.594  0.50000002E-03
  1043.694  0.50000002E-03
  1043.794  0.50000002E-03
  1043.894  0.50000002E-03
  1043.994  0.50000002E-03
  1044.094  0.50000002E-03
  1044.194  0.50000002E-03
  1044.294  0.50000002E-03
  1044.394  0.50000002E-03
  1044.494  0.50000002E-03
  1044.595  0.50000002E-03
  1044.695  0.50000002E-03
  1044.795  0.50000002E-03
  1044.895  0.50000002E-03
  1044.995  0.50000002E-03
  1045.095  0.50000002E-03
  1045.195  0.50000002E-03
  1045.295  0.50000002E-03
  1045.395  0.50000002E-03
  1045.495  0.50000002E-03
  1045.596  0.50000002E-03
  1045.696  0.50000002E-03
  1045.796  0.50000002E-03
  1045.896  0.50000002E-03
  1045.996  0.50000002E-03
  1046.096  0.50000002E-03
  1046.196  0.50000002E-03
  1046.296  0.50000002E-03
  1046.396  0.50000002E-03
  1046.496  0.50000002E-03
  1046.597  0.50000002E-03
  1046.697  0.50000002E-03
  1046.797  0.50000002E-03
  1046.897  0.50000002E-03
  1046.997  0.50000002E-03
  1047.097  0.50000002E-03
  1047.197  0.50000002E-03
  1047.297  0.50000002E-03
  1047.397  0.50000002E-03
  1047.497  0.50000002E-03
  1047.598  0.50000002E-03
  1047.698  0.50000002E-03
  1047.798  0.50000002E-03
  1047.898  0.50000002E-03
  1047.998  0.50000002E-03
  1048.098  0.50000002E-03
  1048.198  0.50000002E-03
  1048.298  0.50000002E-03
  1048.398  0.50000002E-03
  1048.498  0.50000002E-03
  1048.599  0.50000002E-03
  1048.699  0.50000002E-03
  1048.799  0.50000002E-03
  1048.899  0.50000002E-03
  1048.999  0.50000002E-03
  1049.099  0.50000002E-03
  1049.199  0.50000002E-03
  1049.299  0.50000002E-03
  1049.399  0.50000002E-03
  1049.499  0.50000002E-03
  1049.600  0.50000002E-03
  1049.700  0.50000002E-03
  1049.800  0.50000002E-03
  1049.900  0.50000002E-03
  1050.000  0.50000002E-03
