61 26
1.000000e-03 1.000000e-03 1.964470e+05 4.241700e+04
1.000000e-01 1.000000e-03 2.003620e+05 5.092100e+04
2.000000e-01 1.000000e-03 2.085260e+05 7.009700e+04
3.000000e-01 1.000000e-03 2.119080e+05 8.631100e+04
4.000000e-01 1.000000e-03 2.013240e+05 8.922400e+04
5.000000e-01 1.000000e-03 1.737580e+05 7.777800e+04
6.000000e-01 1.000000e-03 1.344610e+05 5.815100e+04
7.000000e-01 1.000000e-03 9.311100e+04 3.793800e+04
8.000000e-01 1.000000e-03 5.799100e+04 2.194900e+04
9.000000e-01 1.000000e-03 3.280200e+04 1.144100e+04
1.000000e+00 1.000000e-03 1.707800e+04 5.461500e+03
1.100000e+00 1.000000e-03 8.332600e+03 2.429000e+03
1.200000e+00 1.000000e-03 3.904700e+03 1.023600e+03
1.300000e+00 1.000000e-03 1.818400e+03 4.144000e+02
1.400000e+00 1.000000e-03 8.796600e+02 1.622100e+02
1.500000e+00 1.000000e-03 4.632400e+02 6.088900e+01
1.600000e+00 1.000000e-03 2.755200e+02 2.125800e+01
1.700000e+00 1.000000e-03 1.888600e+02 6.775700e+00
1.800000e+00 1.000000e-03 1.488800e+02 2.738300e+00
1.900000e+00 1.000000e-03 1.303300e+02 2.867000e+00
2.000000e+00 1.000000e-03 1.197100e+02 4.158700e+00
2.100000e+00 1.000000e-03 1.100300e+02 5.211700e+00
2.200000e+00 1.000000e-03 9.884900e+01 5.607800e+00
2.300000e+00 1.000000e-03 8.652000e+01 5.445700e+00
2.400000e+00 1.000000e-03 7.430800e+01 4.960200e+00
2.500000e+00 1.000000e-03 6.326700e+01 4.342900e+00
2.600000e+00 1.000000e-03 5.385300e+01 3.722400e+00
2.700000e+00 1.000000e-03 4.600100e+01 3.175500e+00
2.800000e+00 1.000000e-03 3.937700e+01 2.727000e+00
2.900000e+00 1.000000e-03 3.364300e+01 2.361400e+00
3.000000e+00 1.000000e-03 2.860200e+01 2.051100e+00
3.100000e+00 1.000000e-03 2.420000e+01 1.779300e+00
3.200000e+00 1.000000e-03 2.043700e+01 1.543400e+00
3.300000e+00 1.000000e-03 1.728000e+01 1.344200e+00
3.400000e+00 1.000000e-03 1.464800e+01 1.177000e+00
3.500000e+00 1.000000e-03 1.243000e+01 1.032200e+00
3.600000e+00 1.000000e-03 1.052900e+01 9.016400e-01
3.700000e+00 1.000000e-03 8.885900e+00 7.821700e-01
3.800000e+00 1.000000e-03 7.471500e+00 6.740900e-01
3.900000e+00 1.000000e-03 6.266800e+00 5.783300e-01
4.000000e+00 1.000000e-03 5.253100e+00 4.955800e-01
4.100000e+00 1.000000e-03 4.407300e+00 4.259700e-01
4.200000e+00 1.000000e-03 3.701500e+00 3.681400e-01
4.300000e+00 1.000000e-03 3.104600e+00 3.185700e-01
4.400000e+00 1.000000e-03 2.590100e+00 2.735200e-01
4.500000e+00 1.000000e-03 2.141800e+00 2.313500e-01
4.600000e+00 1.000000e-03 1.754100e+00 1.928700e-01
4.700000e+00 1.000000e-03 1.424600e+00 1.592600e-01
4.800000e+00 1.000000e-03 1.150400e+00 1.308100e-01
4.900000e+00 1.000000e-03 9.283100e-01 1.074900e-01
5.000000e+00 1.000000e-03 7.553400e-01 8.976400e-02
5.100000e+00 1.000000e-03 6.253700e-01 7.744200e-02
5.200000e+00 1.000000e-03 5.254900e-01 6.786200e-02
5.300000e+00 1.000000e-03 4.357800e-01 5.647700e-02
5.400000e+00 1.000000e-03 3.411400e-01 4.159900e-02
5.500000e+00 1.000000e-03 2.471200e-01 2.849600e-02
5.600000e+00 1.000000e-03 1.805200e-01 2.495300e-02
5.700000e+00 1.000000e-03 1.593400e-01 2.945300e-02
5.800000e+00 1.000000e-03 1.681000e-01 2.963900e-02
5.900000e+00 1.000000e-03 1.776800e-01 1.960600e-02
6.000000e+00 1.000000e-03 1.805800e-01 1.233100e-02
1.000000e-03 1.000000e-01 1.959970e+05 4.248600e+04
1.000000e-01 1.000000e-01 1.995840e+05 5.081300e+04
2.000000e-01 1.000000e-01 2.069580e+05 6.958400e+04
3.000000e-01 1.000000e-01 2.095440e+05 8.542200e+04
4.000000e-01 1.000000e-01 1.985520e+05 8.818000e+04
5.000000e-01 1.000000e-01 1.710960e+05 7.681800e+04
6.000000e-01 1.000000e-01 1.322960e+05 5.741800e+04
7.000000e-01 1.000000e-01 9.158200e+04 3.745800e+04
8.000000e-01 1.000000e-01 5.703700e+04 2.167300e+04
9.000000e-01 1.000000e-01 3.226400e+04 1.129800e+04
1.000000e+00 1.000000e-01 1.679800e+04 5.394300e+03
1.100000e+00 1.000000e-01 8.194600e+03 2.399400e+03
1.200000e+00 1.000000e-01 3.837500e+03 1.011000e+03
1.300000e+00 1.000000e-01 1.784600e+03 4.090900e+02
1.400000e+00 1.000000e-01 8.612200e+02 1.599700e+02
1.500000e+00 1.000000e-01 4.522000e+02 5.996200e+01
1.600000e+00 1.000000e-01 2.682900e+02 2.090800e+01
1.700000e+00 1.000000e-01 1.837100e+02 6.679700e+00
1.800000e+00 1.000000e-01 1.448800e+02 2.731100e+00
1.900000e+00 1.000000e-01 1.269500e+02 2.861500e+00
2.000000e+00 1.000000e-01 1.167100e+02 4.121700e+00
2.100000e+00 1.000000e-01 1.073500e+02 5.144500e+00
2.200000e+00 1.000000e-01 9.649100e+01 5.525200e+00
2.300000e+00 1.000000e-01 8.448500e+01 5.361300e+00
2.400000e+00 1.000000e-01 7.257700e+01 4.881300e+00
2.500000e+00 1.000000e-01 6.179900e+01 4.272300e+00
2.600000e+00 1.000000e-01 5.260300e+01 3.660100e+00
2.700000e+00 1.000000e-01 4.492900e+01 3.120500e+00
2.800000e+00 1.000000e-01 3.845500e+01 2.678200e+00
2.900000e+00 1.000000e-01 3.285300e+01 2.318100e+00
3.000000e+00 1.000000e-01 2.793000e+01 2.013200e+00
3.100000e+00 1.000000e-01 2.363300e+01 1.746600e+00
3.200000e+00 1.000000e-01 1.995900e+01 1.515400e+00
3.300000e+00 1.000000e-01 1.687800e+01 1.320000e+00
3.400000e+00 1.000000e-01 1.430800e+01 1.155800e+00
3.500000e+00 1.000000e-01 1.214100e+01 1.013500e+00
3.600000e+00 1.000000e-01 1.028500e+01 8.852000e-01
3.700000e+00 1.000000e-01 8.680200e+00 7.678400e-01
3.800000e+00 1.000000e-01 7.298700e+00 6.616500e-01
3.900000e+00 1.000000e-01 6.121800e+00 5.675600e-01
4.000000e+00 1.000000e-01 5.131500e+00 4.862500e-01
4.100000e+00 1.000000e-01 4.305300e+00 4.178700e-01
4.200000e+00 1.000000e-01 3.615700e+00 3.610700e-01
4.300000e+00 1.000000e-01 3.032600e+00 3.124100e-01
4.400000e+00 1.000000e-01 2.529900e+00 2.681800e-01
4.500000e+00 1.000000e-01 2.091700e+00 2.267700e-01
4.600000e+00 1.000000e-01 1.712800e+00 1.889600e-01
4.700000e+00 1.000000e-01 1.390600e+00 1.559400e-01
4.800000e+00 1.000000e-01 1.122700e+00 1.280300e-01
4.900000e+00 1.000000e-01 9.059100e-01 1.052100e-01
5.000000e+00 1.000000e-01 7.372400e-01 8.790200e-02
5.100000e+00 1.000000e-01 6.104700e-01 7.584500e-02
5.200000e+00 1.000000e-01 5.128400e-01 6.642400e-02
5.300000e+00 1.000000e-01 4.250700e-01 5.524300e-02
5.400000e+00 1.000000e-01 3.326800e-01 4.069600e-02
5.500000e+00 1.000000e-01 2.411700e-01 2.792200e-02
5.600000e+00 1.000000e-01 1.764200e-01 2.446500e-02
5.700000e+00 1.000000e-01 1.556100e-01 2.883400e-02
5.800000e+00 1.000000e-01 1.637100e-01 2.899900e-02
5.900000e+00 1.000000e-01 1.728500e-01 1.918700e-02
6.000000e+00 1.000000e-01 1.759200e-01 1.197000e-02
1.000000e-03 2.000000e-01 1.949610e+05 4.271500e+04
1.000000e-01 2.000000e-01 1.975940e+05 5.053100e+04
2.000000e-01 2.000000e-01 2.026740e+05 6.812100e+04
3.000000e-01 2.000000e-01 2.029180e+05 8.286000e+04
4.000000e-01 2.000000e-01 1.906920e+05 8.515400e+04
5.000000e-01 2.000000e-01 1.635020e+05 7.403000e+04
6.000000e-01 2.000000e-01 1.260930e+05 5.528800e+04
7.000000e-01 2.000000e-01 8.719200e+04 3.606100e+04
8.000000e-01 2.000000e-01 5.429000e+04 2.086900e+04
9.000000e-01 2.000000e-01 3.071400e+04 1.088400e+04
1.000000e+00 2.000000e-01 1.599300e+04 5.198700e+03
1.100000e+00 2.000000e-01 7.797300e+03 2.312900e+03
1.200000e+00 2.000000e-01 3.644600e+03 9.742500e+02
1.300000e+00 2.000000e-01 1.687800e+03 3.937000e+02
1.400000e+00 2.000000e-01 8.088000e+02 1.535300e+02
1.500000e+00 2.000000e-01 4.209800e+02 5.730200e+01
1.600000e+00 2.000000e-01 2.479500e+02 1.991100e+01
1.700000e+00 2.000000e-01 1.692700e+02 6.410000e+00
1.800000e+00 2.000000e-01 1.336500e+02 2.713500e+00
1.900000e+00 2.000000e-01 1.174500e+02 2.847000e+00
2.000000e+00 2.000000e-01 1.082700e+02 4.015500e+00
2.100000e+00 2.000000e-01 9.978600e+01 4.951000e+00
2.200000e+00 2.000000e-01 8.982600e+01 5.287300e+00
2.300000e+00 2.000000e-01 7.873100e+01 5.117800e+00
2.400000e+00 2.000000e-01 6.767700e+01 4.653900e+00
2.500000e+00 2.000000e-01 5.764500e+01 4.068900e+00
2.600000e+00 2.000000e-01 4.906500e+01 3.481100e+00
2.700000e+00 2.000000e-01 4.189500e+01 2.962600e+00
2.800000e+00 2.000000e-01 3.584600e+01 2.538200e+00
2.900000e+00 2.000000e-01 3.061600e+01 2.194300e+00
3.000000e+00 2.000000e-01 2.602900e+01 1.904900e+00
3.100000e+00 2.000000e-01 2.202900e+01 1.653300e+00
3.200000e+00 2.000000e-01 1.860900e+01 1.435300e+00
3.300000e+00 2.000000e-01 1.573900e+01 1.250700e+00
3.400000e+00 2.000000e-01 1.334400e+01 1.095000e+00
3.500000e+00 2.000000e-01 1.132400e+01 9.598800e-01
3.600000e+00 2.000000e-01 9.593500e+00 8.381500e-01
3.700000e+00 2.000000e-01 8.097700e+00 7.268300e-01
3.800000e+00 2.000000e-01 6.809300e+00 6.260900e-01
3.900000e+00 2.000000e-01 5.711400e+00 5.367800e-01
4.000000e+00 2.000000e-01 4.787300e+00 4.596000e-01
4.100000e+00 2.000000e-01 4.016300e+00 3.947300e-01
4.200000e+00 2.000000e-01 3.372900e+00 3.408800e-01
4.300000e+00 2.000000e-01 2.828700e+00 2.948000e-01
4.400000e+00 2.000000e-01 2.359400e+00 2.529200e-01
4.500000e+00 2.000000e-01 1.950100e+00 2.136900e-01
4.600000e+00 2.000000e-01 1.595800e+00 1.778200e-01
4.700000e+00 2.000000e-01 1.294500e+00 1.465000e-01
4.800000e+00 2.000000e-01 1.044400e+00 1.201400e-01
4.900000e+00 2.000000e-01 8.426100e-01 9.875500e-02
5.000000e+00 2.000000e-01 6.860800e-01 8.260600e-02
5.100000e+00 2.000000e-01 5.682900e-01 7.129900e-02
5.200000e+00 2.000000e-01 4.770200e-01 6.233100e-02
5.300000e+00 2.000000e-01 3.947400e-01 5.172800e-02
5.400000e+00 2.000000e-01 3.087200e-01 3.812200e-02
5.500000e+00 2.000000e-01 2.243300e-01 2.628500e-02
5.600000e+00 2.000000e-01 1.647900e-01 2.307900e-02
5.700000e+00 2.000000e-01 1.450300e-01 2.707400e-02
5.800000e+00 2.000000e-01 1.512800e-01 2.717300e-02
5.900000e+00 2.000000e-01 1.591700e-01 1.797500e-02
6.000000e+00 2.000000e-01 1.625900e-01 1.091400e-02
1.000000e-03 3.000000e-01 1.940260e+05 4.314300e+04
1.000000e-01 3.000000e-01 1.951840e+05 5.015800e+04
2.000000e-01 3.000000e-01 1.966920e+05 6.589700e+04
3.000000e-01 3.000000e-01 1.932290e+05 7.889900e+04
4.000000e-01 3.000000e-01 1.789550e+05 8.044100e+04
5.000000e-01 3.000000e-01 1.520270e+05 6.967000e+04
6.000000e-01 3.000000e-01 1.166520e+05 5.194800e+04
7.000000e-01 3.000000e-01 8.047800e+04 3.386700e+04
8.000000e-01 3.000000e-01 5.007400e+04 1.960400e+04
9.000000e-01 3.000000e-01 2.833100e+04 1.023100e+04
1.000000e+00 3.000000e-01 1.475300e+04 4.891000e+03
1.100000e+00 3.000000e-01 7.187300e+03 2.177200e+03
1.200000e+00 3.000000e-01 3.349700e+03 9.168000e+02
1.300000e+00 3.000000e-01 1.541100e+03 3.698000e+02
1.400000e+00 3.000000e-01 7.302900e+02 1.436000e+02
1.500000e+00 3.000000e-01 3.747700e+02 5.325400e+01
1.600000e+00 3.000000e-01 2.181200e+02 1.841600e+01
1.700000e+00 3.000000e-01 1.482200e+02 6.017800e+00
1.800000e+00 3.000000e-01 1.172900e+02 2.696900e+00
1.900000e+00 3.000000e-01 1.035700e+02 2.828600e+00
2.000000e+00 3.000000e-01 9.588200e+01 3.853600e+00
2.100000e+00 3.000000e-01 8.863700e+01 4.653900e+00
2.200000e+00 3.000000e-01 7.996600e+01 4.921300e+00
2.300000e+00 3.000000e-01 7.020000e+01 4.743000e+00
2.400000e+00 3.000000e-01 6.040800e+01 4.304100e+00
2.500000e+00 3.000000e-01 5.147900e+01 3.756600e+00
2.600000e+00 3.000000e-01 4.381500e+01 3.206800e+00
2.700000e+00 3.000000e-01 3.739400e+01 2.721500e+00
2.800000e+00 3.000000e-01 3.197400e+01 2.325000e+00
2.900000e+00 3.000000e-01 2.729900e+01 2.006100e+00
3.000000e+00 3.000000e-01 2.320800e+01 1.740600e+00
3.100000e+00 3.000000e-01 1.964800e+01 1.511800e+00
3.200000e+00 3.000000e-01 1.660500e+01 1.313900e+00
3.300000e+00 3.000000e-01 1.404900e+01 1.145500e+00
3.400000e+00 3.000000e-01 1.191400e+01 1.002800e+00
3.500000e+00 3.000000e-01 1.011100e+01 8.786100e-01
3.600000e+00 3.000000e-01 8.566900e+00 7.667900e-01
3.700000e+00 3.000000e-01 7.232400e+00 6.646700e-01
3.800000e+00 3.000000e-01 6.082300e+00 5.722300e-01
3.900000e+00 3.000000e-01 5.101700e+00 4.902300e-01
4.000000e+00 3.000000e-01 4.275900e+00 4.193300e-01
4.100000e+00 3.000000e-01 3.586800e+00 3.597800e-01
4.200000e+00 3.000000e-01 3.011900e+00 3.104100e-01
4.300000e+00 3.000000e-01 2.525600e+00 2.682100e-01
4.400000e+00 3.000000e-01 2.106000e+00 2.298900e-01
4.500000e+00 3.000000e-01 1.739700e+00 1.939600e-01
4.600000e+00 3.000000e-01 1.422100e+00 1.610500e-01
4.700000e+00 3.000000e-01 1.152000e+00 1.323400e-01
4.800000e+00 3.000000e-01 9.283300e-01 1.083400e-01
4.900000e+00 3.000000e-01 7.489200e-01 8.909700e-02
5.000000e+00 3.000000e-01 6.103200e-01 7.467300e-02
5.100000e+00 3.000000e-01 5.057400e-01 6.446900e-02
5.200000e+00 3.000000e-01 4.238000e-01 5.617900e-02
5.300000e+00 3.000000e-01 3.496700e-01 4.644300e-02
5.400000e+00 3.000000e-01 2.731600e-01 3.424900e-02
5.500000e+00 3.000000e-01 1.993400e-01 2.381600e-02
5.600000e+00 3.000000e-01 1.474600e-01 2.099900e-02
5.700000e+00 3.000000e-01 1.292500e-01 2.443900e-02
5.800000e+00 3.000000e-01 1.328700e-01 2.441500e-02
5.900000e+00 3.000000e-01 1.388500e-01 1.609100e-02
6.000000e+00 3.000000e-01 1.423700e-01 9.247400e-03
1.000000e-03 4.000000e-01 1.936740e+05 4.374000e+04
1.000000e-01 4.000000e-01 1.930160e+05 4.974200e+04
2.000000e-01 4.000000e-01 1.900770e+05 6.312600e+04
3.000000e-01 4.000000e-01 1.819050e+05 7.389900e+04
4.000000e-01 4.000000e-01 1.648930e+05 7.445500e+04
5.000000e-01 4.000000e-01 1.380820e+05 6.410900e+04
6.000000e-01 4.000000e-01 1.050730e+05 4.767400e+04
7.000000e-01 4.000000e-01 7.219000e+04 3.105500e+04
8.000000e-01 4.000000e-01 4.484800e+04 1.798100e+04
9.000000e-01 4.000000e-01 2.536900e+04 9.392900e+03
1.000000e+00 4.000000e-01 1.321200e+04 4.495700e+03
1.100000e+00 4.000000e-01 6.430500e+03 2.003200e+03
1.200000e+00 4.000000e-01 2.986400e+03 8.435700e+02
1.300000e+00 4.000000e-01 1.362600e+03 3.396200e+02
1.400000e+00 4.000000e-01 6.364600e+02 1.312600e+02
1.500000e+00 4.000000e-01 3.205500e+02 4.831400e+01
1.600000e+00 4.000000e-01 1.836300e+02 1.663700e+01
1.700000e+00 4.000000e-01 1.240800e+02 5.575400e+00
1.800000e+00 4.000000e-01 9.856100e+01 2.695400e+00
1.900000e+00 4.000000e-01 8.759800e+01 2.812500e+00
2.000000e+00 4.000000e-01 8.151800e+01 3.654900e+00
2.100000e+00 4.000000e-01 7.562300e+01 4.285600e+00
2.200000e+00 4.000000e-01 6.839800e+01 4.466200e+00
2.300000e+00 4.000000e-01 6.016200e+01 4.276600e+00
2.400000e+00 4.000000e-01 5.184200e+01 3.869100e+00
2.500000e+00 4.000000e-01 4.421000e+01 3.369200e+00
2.600000e+00 4.000000e-01 3.762500e+01 2.867800e+00
2.700000e+00 4.000000e-01 3.208800e+01 2.424900e+00
2.800000e+00 4.000000e-01 2.741300e+01 2.063900e+00
2.900000e+00 4.000000e-01 2.339000e+01 1.776400e+00
3.000000e+00 4.000000e-01 1.988500e+01 1.540600e+00
3.100000e+00 4.000000e-01 1.684300e+01 1.339600e+00
3.200000e+00 4.000000e-01 1.424400e+01 1.166000e+00
3.300000e+00 4.000000e-01 1.205800e+01 1.017500e+00
3.400000e+00 4.000000e-01 1.022700e+01 8.905300e-01
3.500000e+00 4.000000e-01 8.680300e+00 7.796200e-01
3.600000e+00 4.000000e-01 7.355600e+00 6.799000e-01
3.700000e+00 4.000000e-01 6.211100e+00 5.890300e-01
3.800000e+00 4.000000e-01 5.224400e+00 5.068000e-01
3.900000e+00 4.000000e-01 4.382100e+00 4.337700e-01
4.000000e+00 4.000000e-01 3.672300e+00 3.705800e-01
4.100000e+00 4.000000e-01 3.079900e+00 3.175100e-01
4.200000e+00 4.000000e-01 2.585700e+00 2.735500e-01
4.300000e+00 4.000000e-01 2.167800e+00 2.360300e-01
4.400000e+00 4.000000e-01 1.806900e+00 2.020300e-01
4.500000e+00 4.000000e-01 1.491400e+00 1.701400e-01
4.600000e+00 4.000000e-01 1.217400e+00 1.408800e-01
4.700000e+00 4.000000e-01 9.843100e-01 1.153900e-01
4.800000e+00 4.000000e-01 7.920500e-01 9.426100e-02
4.900000e+00 4.000000e-01 6.390000e-01 7.758800e-02
5.000000e+00 4.000000e-01 5.213700e-01 6.519200e-02
5.100000e+00 4.000000e-01 4.321000e-01 5.627700e-02
5.200000e+00 4.000000e-01 3.610400e-01 4.879200e-02
5.300000e+00 4.000000e-01 2.965100e-01 4.009900e-02
5.400000e+00 4.000000e-01 2.312700e-01 2.959300e-02
5.500000e+00 4.000000e-01 1.698700e-01 2.083600e-02
5.600000e+00 4.000000e-01 1.269300e-01 1.850100e-02
5.700000e+00 4.000000e-01 1.105500e-01 2.128600e-02
5.800000e+00 4.000000e-01 1.112400e-01 2.108100e-02
5.900000e+00 4.000000e-01 1.148500e-01 1.372600e-02
6.000000e+00 4.000000e-01 1.177800e-01 7.110900e-03
1.000000e-03 5.000000e-01 1.936620e+05 4.434400e+04
1.000000e-01 5.000000e-01 1.910790e+05 4.921300e+04
2.000000e-01 5.000000e-01 1.833820e+05 5.995500e+04
3.000000e-01 5.000000e-01 1.700660e+05 6.821000e+04
4.000000e-01 5.000000e-01 1.499360e+05 6.763500e+04
5.000000e-01 5.000000e-01 1.230730e+05 5.775800e+04
6.000000e-01 5.000000e-01 9.250200e+04 4.278300e+04
7.000000e-01 5.000000e-01 6.313300e+04 2.783100e+04
8.000000e-01 5.000000e-01 3.910800e+04 1.611800e+04
9.000000e-01 5.000000e-01 2.210600e+04 8.429600e+03
1.000000e+00 5.000000e-01 1.151300e+04 4.041700e+03
1.100000e+00 5.000000e-01 5.599100e+03 1.803900e+03
1.200000e+00 5.000000e-01 2.590900e+03 7.602600e+02
1.300000e+00 5.000000e-01 1.171600e+03 3.057700e+02
1.400000e+00 5.000000e-01 5.383700e+02 1.177100e+02
1.500000e+00 5.000000e-01 2.653100e+02 4.304200e+01
1.600000e+00 5.000000e-01 1.492200e+02 1.481300e+01
1.700000e+00 5.000000e-01 1.002800e+02 5.162000e+00
1.800000e+00 5.000000e-01 8.010400e+01 2.723100e+00
1.900000e+00 5.000000e-01 7.174100e+01 2.803500e+00
2.000000e+00 5.000000e-01 6.710200e+01 3.439200e+00
2.100000e+00 5.000000e-01 6.243700e+01 3.881900e+00
2.200000e+00 5.000000e-01 5.659700e+01 3.965800e+00
2.300000e+00 5.000000e-01 4.988100e+01 3.762800e+00
2.400000e+00 5.000000e-01 4.305200e+01 3.390000e+00
2.500000e+00 5.000000e-01 3.674600e+01 2.943700e+00
2.600000e+00 5.000000e-01 3.127000e+01 2.497300e+00
2.700000e+00 5.000000e-01 2.664400e+01 2.102700e+00
2.800000e+00 5.000000e-01 2.273500e+01 1.782100e+00
2.900000e+00 5.000000e-01 1.938400e+01 1.529700e+00
3.000000e+00 5.000000e-01 1.648000e+01 1.326400e+00
3.100000e+00 5.000000e-01 1.396900e+01 1.155300e+00
3.200000e+00 5.000000e-01 1.182400e+01 1.007800e+00
3.300000e+00 5.000000e-01 1.001500e+01 8.803100e-01
3.400000e+00 5.000000e-01 8.495700e+00 7.701600e-01
3.500000e+00 5.000000e-01 7.211000e+00 6.735000e-01
3.600000e+00 5.000000e-01 6.111200e+00 5.867800e-01
3.700000e+00 5.000000e-01 5.161600e+00 5.080500e-01
3.800000e+00 5.000000e-01 4.342600e+00 4.368700e-01
3.900000e+00 5.000000e-01 3.642700e+00 3.735700e-01
4.000000e+00 5.000000e-01 3.052000e+00 3.187000e-01
4.100000e+00 5.000000e-01 2.558900e+00 2.725900e-01
4.200000e+00 5.000000e-01 2.147500e+00 2.343800e-01
4.300000e+00 5.000000e-01 1.799700e+00 2.018500e-01
4.400000e+00 5.000000e-01 1.499400e+00 1.724400e-01
4.500000e+00 5.000000e-01 1.236400e+00 1.449000e-01
4.600000e+00 5.000000e-01 1.007500e+00 1.196200e-01
4.700000e+00 5.000000e-01 8.128300e-01 9.763300e-02
4.800000e+00 5.000000e-01 6.530500e-01 7.960000e-02
4.900000e+00 5.000000e-01 5.270100e-01 6.561000e-02
5.000000e+00 5.000000e-01 4.306100e-01 5.528500e-02
5.100000e+00 5.000000e-01 3.567400e-01 4.767300e-02
5.200000e+00 5.000000e-01 2.966900e-01 4.103000e-02
5.300000e+00 5.000000e-01 2.420400e-01 3.344300e-02
5.400000e+00 5.000000e-01 1.884000e-01 2.470300e-02
5.500000e+00 5.000000e-01 1.396300e-01 1.768300e-02
5.600000e+00 5.000000e-01 1.057000e-01 1.585700e-02
5.700000e+00 5.000000e-01 9.129100e-02 1.797800e-02
5.800000e+00 5.000000e-01 8.921400e-02 1.755300e-02
5.900000e+00 5.000000e-01 9.016500e-02 1.111100e-02
6.000000e+00 5.000000e-01 9.165200e-02 4.694000e-03
1.000000e-03 6.000000e-01 1.928940e+05 4.465300e+04
1.000000e-01 6.000000e-01 1.885320e+05 4.837100e+04
2.000000e-01 6.000000e-01 1.763990e+05 5.642200e+04
3.000000e-01 6.000000e-01 1.582080e+05 6.210300e+04
4.000000e-01 6.000000e-01 1.350570e+05 6.038000e+04
5.000000e-01 6.000000e-01 1.081110e+05 5.101300e+04
6.000000e-01 6.000000e-01 7.991200e+04 3.758800e+04
7.000000e-01 6.000000e-01 5.401800e+04 2.440200e+04
8.000000e-01 6.000000e-01 3.330800e+04 1.413400e+04
9.000000e-01 6.000000e-01 1.879900e+04 7.403100e+03
1.000000e+00 6.000000e-01 9.789600e+03 3.558000e+03
1.100000e+00 6.000000e-01 4.759100e+03 1.592200e+03
1.200000e+00 6.000000e-01 2.195600e+03 6.725400e+02
1.300000e+00 6.000000e-01 9.846000e+02 2.707300e+02
1.400000e+00 6.000000e-01 4.452100e+02 1.040900e+02
1.500000e+00 6.000000e-01 2.146100e+02 3.796900e+01
1.600000e+00 6.000000e-01 1.185200e+02 1.317000e+01
1.700000e+00 6.000000e-01 7.934200e+01 4.850100e+00
1.800000e+00 6.000000e-01 6.384900e+01 2.790700e+00
1.900000e+00 6.000000e-01 5.761200e+01 2.804800e+00
2.000000e+00 6.000000e-01 5.407300e+01 3.224200e+00
2.100000e+00 6.000000e-01 5.037400e+01 3.476200e+00
2.200000e+00 6.000000e-01 4.571100e+01 3.461200e+00
2.300000e+00 6.000000e-01 4.034700e+01 3.243100e+00
2.400000e+00 6.000000e-01 3.487900e+01 2.905100e+00
2.500000e+00 6.000000e-01 2.980100e+01 2.514100e+00
2.600000e+00 6.000000e-01 2.535900e+01 2.125400e+00
2.700000e+00 6.000000e-01 2.158500e+01 1.781700e+00
2.800000e+00 6.000000e-01 1.839400e+01 1.503700e+00
2.900000e+00 6.000000e-01 1.566900e+01 1.287500e+00
3.000000e+00 6.000000e-01 1.332300e+01 1.116700e+00
3.100000e+00 6.000000e-01 1.130300e+01 9.749700e-01
3.200000e+00 6.000000e-01 9.578200e+00 8.526800e-01
3.300000e+00 6.000000e-01 8.118500e+00 7.457400e-01
3.400000e+00 6.000000e-01 6.887900e+00 6.520600e-01
3.500000e+00 6.000000e-01 5.845600e+00 5.694300e-01
3.600000e+00 6.000000e-01 4.954000e+00 4.955300e-01
3.700000e+00 6.000000e-01 4.185300e+00 4.287800e-01
3.800000e+00 6.000000e-01 3.522200e+00 3.685400e-01
3.900000e+00 6.000000e-01 2.954700e+00 3.148900e-01
4.000000e+00 6.000000e-01 2.475000e+00 2.682700e-01
4.100000e+00 6.000000e-01 2.074000e+00 2.289900e-01
4.200000e+00 6.000000e-01 1.739600e+00 1.964000e-01
4.300000e+00 6.000000e-01 1.457100e+00 1.686900e-01
4.400000e+00 6.000000e-01 1.213100e+00 1.437600e-01
4.500000e+00 6.000000e-01 9.993200e-01 1.205200e-01
4.600000e+00 6.000000e-01 8.129000e-01 9.921600e-02
4.700000e+00 6.000000e-01 6.544500e-01 8.073000e-02
4.800000e+00 6.000000e-01 5.251400e-01 6.573400e-02
4.900000e+00 6.000000e-01 4.240700e-01 5.429000e-02
5.000000e+00 6.000000e-01 3.470000e-01 4.587100e-02
5.100000e+00 6.000000e-01 2.870700e-01 3.945000e-02
5.200000e+00 6.000000e-01 2.371300e-01 3.361600e-02
5.300000e+00 6.000000e-01 1.917100e-01 2.711000e-02
5.400000e+00 6.000000e-01 1.488500e-01 2.004600e-02
5.500000e+00 6.000000e-01 1.115700e-01 1.463600e-02
5.600000e+00 6.000000e-01 8.579900e-02 1.328300e-02
5.700000e+00 6.000000e-01 7.337100e-02 1.480700e-02
5.800000e+00 6.000000e-01 6.905300e-02 1.416600e-02
5.900000e+00 6.000000e-01 6.728000e-02 8.486600e-03
6.000000e+00 6.000000e-01 6.659600e-02 2.217100e-03
1.000000e-03 8.000000e-01 1.827500e+05 4.294600e+04
1.000000e-01 8.000000e-01 1.760990e+05 4.465600e+04
2.000000e-01 8.000000e-01 1.582000e+05 4.802300e+04
3.000000e-01 8.000000e-01 1.336640e+05 4.928300e+04
4.000000e-01 8.000000e-01 1.068600e+05 4.574900e+04
5.000000e-01 8.000000e-01 8.069600e+04 3.761700e+04
6.000000e-01 8.000000e-01 5.710200e+04 2.732500e+04
7.000000e-01 8.000000e-01 3.753200e+04 1.763900e+04
8.000000e-01 8.000000e-01 2.279600e+04 1.021800e+04
9.000000e-01 8.000000e-01 1.279100e+04 5.375200e+03
1.000000e+00 8.000000e-01 6.658800e+03 2.602600e+03
1.100000e+00 8.000000e-01 3.242100e+03 1.176100e+03
1.200000e+00 8.000000e-01 1.494600e+03 5.026400e+02
1.300000e+00 8.000000e-01 6.649200e+02 2.051000e+02
1.400000e+00 8.000000e-01 2.949000e+02 8.014400e+01
1.500000e+00 8.000000e-01 1.382100e+02 2.999100e+01
1.600000e+00 8.000000e-01 7.478400e+01 1.107900e+01
1.700000e+00 8.000000e-01 5.019500e+01 4.737300e+00
1.800000e+00 8.000000e-01 4.093700e+01 3.074700e+00
1.900000e+00 8.000000e-01 3.710400e+01 2.845600e+00
2.000000e+00 8.000000e-01 3.462000e+01 2.848000e+00
2.100000e+00 8.000000e-01 3.198000e+01 2.756800e+00
2.200000e+00 8.000000e-01 2.886500e+01 2.561500e+00
2.300000e+00 8.000000e-01 2.545300e+01 2.309800e+00
2.400000e+00 8.000000e-01 2.204300e+01 2.030400e+00
2.500000e+00 8.000000e-01 1.887200e+01 1.740400e+00
2.600000e+00 8.000000e-01 1.606600e+01 1.461200e+00
2.700000e+00 8.000000e-01 1.365600e+01 1.216700e+00
2.800000e+00 8.000000e-01 1.161200e+01 1.020900e+00
2.900000e+00 8.000000e-01 9.881300e+00 8.723400e-01
3.000000e+00 8.000000e-01 8.409200e+00 7.588500e-01
3.100000e+00 8.000000e-01 7.151800e+00 6.666700e-01
3.200000e+00 8.000000e-01 6.075900e+00 5.864100e-01
3.300000e+00 8.000000e-01 5.156900e+00 5.139900e-01
3.400000e+00 8.000000e-01 4.374600e+00 4.486500e-01
3.500000e+00 8.000000e-01 3.709600e+00 3.904200e-01
3.600000e+00 8.000000e-01 3.142600e+00 3.388200e-01
3.700000e+00 8.000000e-01 2.655900e+00 2.928700e-01
3.800000e+00 8.000000e-01 2.236700e+00 2.516800e-01
3.900000e+00 8.000000e-01 1.876900e+00 2.148900e-01
4.000000e+00 8.000000e-01 1.571200e+00 1.826800e-01
4.100000e+00 8.000000e-01 1.314700e+00 1.552300e-01
4.200000e+00 8.000000e-01 1.100500e+00 1.322400e-01
4.300000e+00 8.000000e-01 9.200200e-01 1.127200e-01
4.400000e+00 8.000000e-01 7.647900e-01 9.546200e-02
4.500000e+00 8.000000e-01 6.290500e-01 7.969500e-02
4.600000e+00 8.000000e-01 5.107200e-01 6.542200e-02
4.700000e+00 8.000000e-01 4.104300e-01 5.315000e-02
4.800000e+00 8.000000e-01 3.293500e-01 4.335100e-02
4.900000e+00 8.000000e-01 2.667000e-01 3.600400e-02
5.000000e+00 8.000000e-01 2.186400e-01 3.049900e-02
5.100000e+00 8.000000e-01 1.796700e-01 2.593000e-02
5.200000e+00 8.000000e-01 1.455800e-01 2.151800e-02
5.300000e+00 8.000000e-01 1.149800e-01 1.692600e-02
5.400000e+00 8.000000e-01 8.863300e-02 1.254400e-02
5.500000e+00 8.000000e-01 6.805900e-02 9.511700e-03
5.600000e+00 8.000000e-01 5.411400e-02 8.795300e-03
5.700000e+00 8.000000e-01 4.548300e-02 9.509400e-03
5.800000e+00 8.000000e-01 3.898100e-02 8.648400e-03
5.900000e+00 8.000000e-01 3.265100e-02 4.019600e-03
6.000000e+00 8.000000e-01 2.721300e-02 -2.038600e-03
1.000000e-03 1.000000e+00 1.547660e+05 3.680700e+04
1.000000e-01 1.000000e+00 1.480030e+05 3.722900e+04
2.000000e-01 1.000000e+00 1.298910e+05 3.765700e+04
3.000000e-01 1.000000e+00 1.055630e+05 3.635400e+04
4.000000e-01 1.000000e+00 8.026800e+04 3.223700e+04
5.000000e-01 1.000000e+00 5.750000e+04 2.573900e+04
6.000000e-01 1.000000e+00 3.884800e+04 1.839500e+04
7.000000e-01 1.000000e+00 2.467700e+04 1.179900e+04
8.000000e-01 1.000000e+00 1.468200e+04 6.842200e+03
9.000000e-01 1.000000e+00 8.167400e+03 3.625600e+03
1.000000e+00 1.000000e+00 4.255200e+03 1.778100e+03
1.100000e+00 1.000000e+00 2.087900e+03 8.190400e+02
1.200000e+00 1.000000e+00 9.750500e+02 3.599700e+02
1.300000e+00 1.000000e+00 4.412200e+02 1.530600e+02
1.400000e+00 1.000000e+00 1.998200e+02 6.356500e+01
1.500000e+00 1.000000e+00 9.599400e+01 2.607200e+01
1.600000e+00 1.000000e+00 5.318800e+01 1.103700e+01
1.700000e+00 1.000000e+00 3.603800e+01 5.462400e+00
1.800000e+00 1.000000e+00 2.901000e+01 3.603000e+00
1.900000e+00 1.000000e+00 2.556000e+01 2.965100e+00
2.000000e+00 1.000000e+00 2.309700e+01 2.593700e+00
2.100000e+00 1.000000e+00 2.075600e+01 2.240800e+00
2.200000e+00 1.000000e+00 1.838200e+01 1.906900e+00
2.300000e+00 1.000000e+00 1.604900e+01 1.618800e+00
2.400000e+00 1.000000e+00 1.385700e+01 1.373600e+00
2.500000e+00 1.000000e+00 1.187200e+01 1.157000e+00
2.600000e+00 1.000000e+00 1.012500e+01 9.648800e-01
2.700000e+00 1.000000e+00 8.620700e+00 8.027600e-01
2.800000e+00 1.000000e+00 7.342300e+00 6.752900e-01
2.900000e+00 1.000000e+00 6.260000e+00 5.796500e-01
3.000000e+00 1.000000e+00 5.340400e+00 5.070100e-01
3.100000e+00 1.000000e+00 4.553200e+00 4.476700e-01
3.200000e+00 1.000000e+00 3.874900e+00 3.949600e-01
3.300000e+00 1.000000e+00 3.290300e+00 3.462000e-01
3.400000e+00 1.000000e+00 2.789200e+00 3.014300e-01
3.500000e+00 1.000000e+00 2.362600e+00 2.613700e-01
3.600000e+00 1.000000e+00 2.000200e+00 2.261700e-01
3.700000e+00 1.000000e+00 1.690700e+00 1.952500e-01
3.800000e+00 1.000000e+00 1.424900e+00 1.678000e-01
3.900000e+00 1.000000e+00 1.196200e+00 1.433000e-01
4.000000e+00 1.000000e+00 1.000900e+00 1.216500e-01
4.100000e+00 1.000000e+00 8.360800e-01 1.028900e-01
4.200000e+00 1.000000e+00 6.980400e-01 8.692400e-02
4.300000e+00 1.000000e+00 5.820400e-01 7.335400e-02
4.400000e+00 1.000000e+00 4.831000e-01 6.162200e-02
4.500000e+00 1.000000e+00 3.975300e-01 5.129900e-02
4.600000e+00 1.000000e+00 3.236100e-01 4.225100e-02
4.700000e+00 1.000000e+00 2.612700e-01 3.459400e-02
4.800000e+00 1.000000e+00 2.108100e-01 2.846300e-02
4.900000e+00 1.000000e+00 1.714200e-01 2.374900e-02
5.000000e+00 1.000000e+00 1.404400e-01 2.001800e-02
5.100000e+00 1.000000e+00 1.143800e-01 1.673600e-02
5.200000e+00 1.000000e+00 9.110600e-02 1.356900e-02
5.300000e+00 1.000000e+00 7.061900e-02 1.050400e-02
5.400000e+00 1.000000e+00 5.395200e-02 7.790800e-03
5.500000e+00 1.000000e+00 4.170800e-02 5.923600e-03
5.600000e+00 1.000000e+00 3.363300e-02 5.378500e-03
5.700000e+00 1.000000e+00 2.822400e-02 5.749700e-03
5.800000e+00 1.000000e+00 2.258800e-02 5.075900e-03
5.900000e+00 1.000000e+00 1.470000e-02 1.300500e-03
6.000000e+00 1.000000e+00 6.718300e-03 -4.261300e-03
1.000000e-03 1.200000e+00 1.133190e+05 2.729800e+04
1.000000e-01 1.200000e+00 1.080310e+05 2.715500e+04
2.000000e-01 1.200000e+00 9.385000e+04 2.639800e+04
3.000000e-01 1.200000e+00 7.483700e+04 2.439200e+04
4.000000e-01 1.200000e+00 5.532200e+04 2.086500e+04
5.000000e-01 1.200000e+00 3.828000e+04 1.625600e+04
6.000000e-01 1.200000e+00 2.496600e+04 1.146200e+04
7.000000e-01 1.200000e+00 1.539800e+04 7.323600e+03
8.000000e-01 1.200000e+00 8.986400e+03 4.266200e+03
9.000000e-01 1.200000e+00 4.964000e+03 2.288800e+03
1.000000e+00 1.200000e+00 2.601400e+03 1.146900e+03
1.100000e+00 1.200000e+00 1.301900e+03 5.466900e+02
1.200000e+00 1.200000e+00 6.304200e+02 2.535000e+02
1.300000e+00 1.200000e+00 3.019000e+02 1.168900e+02
1.400000e+00 1.200000e+00 1.478400e+02 5.443800e+01
1.500000e+00 1.200000e+00 7.743600e+01 2.586700e+01
1.600000e+00 1.200000e+00 4.542700e+01 1.281600e+01
1.700000e+00 1.200000e+00 3.057000e+01 6.983700e+00
1.800000e+00 1.200000e+00 2.323600e+01 4.431400e+00
1.900000e+00 1.200000e+00 1.910100e+01 3.224800e+00
2.000000e+00 1.200000e+00 1.626100e+01 2.492800e+00
2.100000e+00 1.200000e+00 1.396300e+01 1.937500e+00
2.200000e+00 1.200000e+00 1.197000e+01 1.501600e+00
2.300000e+00 1.200000e+00 1.023400e+01 1.177200e+00
2.400000e+00 1.200000e+00 8.737200e+00 9.427100e-01
2.500000e+00 1.200000e+00 7.460000e+00 7.688600e-01
2.600000e+00 1.200000e+00 6.377400e+00 6.349700e-01
2.700000e+00 1.200000e+00 5.462200e+00 5.310500e-01
2.800000e+00 1.200000e+00 4.685600e+00 4.516500e-01
2.900000e+00 1.200000e+00 4.019900e+00 3.911300e-01
3.000000e+00 1.200000e+00 3.443100e+00 3.431200e-01
3.100000e+00 1.200000e+00 2.939900e+00 3.022800e-01
3.200000e+00 1.200000e+00 2.501100e+00 2.654800e-01
3.300000e+00 1.200000e+00 2.121500e+00 2.316900e-01
3.400000e+00 1.200000e+00 1.796700e+00 2.010300e-01
3.500000e+00 1.200000e+00 1.521100e+00 1.737800e-01
3.600000e+00 1.200000e+00 1.287500e+00 1.499000e-01
3.700000e+00 1.200000e+00 1.088500e+00 1.290300e-01
3.800000e+00 1.200000e+00 9.178300e-01 1.106800e-01
3.900000e+00 1.200000e+00 7.710100e-01 9.439900e-02
4.000000e+00 1.200000e+00 6.451100e-01 7.994500e-02
4.100000e+00 1.200000e+00 5.381900e-01 6.724500e-02
4.200000e+00 1.200000e+00 4.483000e-01 5.627700e-02
4.300000e+00 1.200000e+00 3.728700e-01 4.693600e-02
4.400000e+00 1.200000e+00 3.091600e-01 3.903800e-02
4.500000e+00 1.200000e+00 2.549800e-01 3.240100e-02
4.600000e+00 1.200000e+00 2.090200e-01 2.688100e-02
4.700000e+00 1.200000e+00 1.705600e-01 2.233500e-02
4.800000e+00 1.200000e+00 1.390000e-01 1.860200e-02
4.900000e+00 1.200000e+00 1.135200e-01 1.551600e-02
5.000000e+00 1.200000e+00 9.282600e-02 1.292000e-02
5.100000e+00 1.200000e+00 7.539200e-02 1.066800e-02
5.200000e+00 1.200000e+00 6.011300e-02 8.643400e-03
5.300000e+00 1.200000e+00 4.675200e-02 6.766200e-03
5.400000e+00 1.200000e+00 3.554700e-02 5.029900e-03
5.500000e+00 1.200000e+00 2.683300e-02 3.641100e-03
5.600000e+00 1.200000e+00 2.101800e-02 3.011600e-03
5.700000e+00 1.200000e+00 1.773200e-02 3.140700e-03
5.800000e+00 1.200000e+00 1.453400e-02 2.792000e-03
5.900000e+00 1.200000e+00 8.609000e-03 1.879900e-04
6.000000e+00 1.200000e+00 1.358200e-03 -4.078600e-03
1.000000e-03 1.400000e+00 7.124700e+04 1.740200e+04
1.000000e-01 1.400000e+00 6.788700e+04 1.715200e+04
2.000000e-01 1.400000e+00 5.884500e+04 1.629800e+04
3.000000e-01 1.400000e+00 4.666700e+04 1.466500e+04
4.000000e-01 1.400000e+00 3.414400e+04 1.226600e+04
5.000000e-01 1.400000e+00 2.327000e+04 9.415900e+03
6.000000e-01 1.400000e+00 1.490700e+04 6.598300e+03
7.000000e-01 1.400000e+00 9.044900e+03 4.225700e+03
8.000000e-01 1.400000e+00 5.227200e+03 2.488900e+03
9.000000e-01 1.400000e+00 2.892400e+03 1.364000e+03
1.000000e+00 1.400000e+00 1.543800e+03 7.082600e+02
1.100000e+00 1.400000e+00 8.049000e+02 3.574900e+02
1.200000e+00 1.400000e+00 4.178800e+02 1.808400e+02
1.300000e+00 1.400000e+00 2.213300e+02 9.401000e+01
1.400000e+00 1.400000e+00 1.223500e+02 5.057700e+01
1.500000e+00 1.400000e+00 7.155900e+01 2.788200e+01
1.600000e+00 1.400000e+00 4.442300e+01 1.563000e+01
1.700000e+00 1.400000e+00 2.929800e+01 9.033400e+00
1.800000e+00 1.400000e+00 2.058100e+01 5.547800e+00
1.900000e+00 1.400000e+00 1.535200e+01 3.668900e+00
2.000000e+00 1.400000e+00 1.199500e+01 2.554700e+00
2.100000e+00 1.400000e+00 9.641600e+00 1.811500e+00
2.200000e+00 1.400000e+00 7.871500e+00 1.289300e+00
2.300000e+00 1.400000e+00 6.493100e+00 9.293700e-01
2.400000e+00 1.400000e+00 5.412100e+00 6.911300e-01
2.500000e+00 1.400000e+00 4.565600e+00 5.368700e-01
2.600000e+00 1.400000e+00 3.899700e+00 4.354700e-01
2.700000e+00 1.400000e+00 3.363900e+00 3.654900e-01
2.800000e+00 1.400000e+00 2.915200e+00 3.137100e-01
2.900000e+00 1.400000e+00 2.522700e+00 2.723400e-01
3.000000e+00 1.400000e+00 2.170200e+00 2.370900e-01
3.100000e+00 1.400000e+00 1.853200e+00 2.059900e-01
3.200000e+00 1.400000e+00 1.573100e+00 1.784400e-01
3.300000e+00 1.400000e+00 1.331400e+00 1.542900e-01
3.400000e+00 1.400000e+00 1.126600e+00 1.332600e-01
3.500000e+00 1.400000e+00 9.538400e-01 1.148400e-01
3.600000e+00 1.400000e+00 8.075100e-01 9.862200e-02
3.700000e+00 1.400000e+00 6.828100e-01 8.437100e-02
3.800000e+00 1.400000e+00 5.759700e-01 7.191100e-02
3.900000e+00 1.400000e+00 4.840900e-01 6.098600e-02
4.000000e+00 1.400000e+00 4.050900e-01 5.133900e-02
4.100000e+00 1.400000e+00 3.376500e-01 4.283100e-02
4.200000e+00 1.400000e+00 2.807100e-01 3.543400e-02
4.300000e+00 1.400000e+00 2.329600e-01 2.914100e-02
4.400000e+00 1.400000e+00 1.929700e-01 2.392200e-02
4.500000e+00 1.400000e+00 1.595500e-01 1.973400e-02
4.600000e+00 1.400000e+00 1.318600e-01 1.646800e-02
4.700000e+00 1.400000e+00 1.089900e-01 1.388600e-02
4.800000e+00 1.400000e+00 8.989200e-02 1.169300e-02
4.900000e+00 1.400000e+00 7.378300e-02 9.717700e-03
5.000000e+00 1.400000e+00 6.034700e-02 7.986000e-03
5.100000e+00 1.400000e+00 4.932800e-02 6.584700e-03
5.200000e+00 1.400000e+00 4.014100e-02 5.473500e-03
5.300000e+00 1.400000e+00 3.203600e-02 4.462200e-03
5.400000e+00 1.400000e+00 2.457500e-02 3.391300e-03
5.500000e+00 1.400000e+00 1.800700e-02 2.342900e-03
5.600000e+00 1.400000e+00 1.323900e-02 1.625400e-03
5.700000e+00 1.400000e+00 1.085100e-02 1.394100e-03
5.800000e+00 1.400000e+00 9.661700e-03 1.143500e-03
5.900000e+00 1.400000e+00 7.193300e-03 -1.325700e-04
6.000000e+00 1.400000e+00 2.944100e-03 -2.394900e-03
1.000000e-03 1.600000e+00 3.876100e+04 9.593800e+03
1.000000e-01 1.600000e+00 3.696800e+04 9.415700e+03
2.000000e-01 1.600000e+00 3.212500e+04 8.852900e+03
3.000000e-01 1.600000e+00 2.555500e+04 7.871300e+03
4.000000e-01 1.600000e+00 1.874100e+04 6.525800e+03
5.000000e-01 1.600000e+00 1.278200e+04 4.994200e+03
6.000000e-01 1.600000e+00 8.185500e+03 3.513600e+03
7.000000e-01 1.600000e+00 4.970300e+03 2.277100e+03
8.000000e-01 1.600000e+00 2.890900e+03 1.370700e+03
9.000000e-01 1.600000e+00 1.630600e+03 7.786500e+02
1.000000e+00 1.600000e+00 9.067500e+02 4.282500e+02
1.100000e+00 1.600000e+00 5.079100e+02 2.358500e+02
1.200000e+00 1.600000e+00 2.929100e+02 1.342700e+02
1.300000e+00 1.600000e+00 1.762500e+02 8.002000e+01
1.400000e+00 1.600000e+00 1.103700e+02 4.919800e+01
1.500000e+00 1.600000e+00 7.085000e+01 3.037400e+01
1.600000e+00 1.600000e+00 4.592900e+01 1.850800e+01
1.700000e+00 1.600000e+00 2.993900e+01 1.116700e+01
1.800000e+00 1.600000e+00 1.979600e+01 6.800800e+00
1.900000e+00 1.600000e+00 1.348100e+01 4.262300e+00
2.000000e+00 1.600000e+00 9.554000e+00 2.758200e+00
2.100000e+00 1.600000e+00 7.040900e+00 1.820100e+00
2.200000e+00 1.600000e+00 5.351300e+00 1.209900e+00
2.300000e+00 1.600000e+00 4.167400e+00 8.129100e-01
2.400000e+00 1.600000e+00 3.325100e+00 5.641200e-01
2.500000e+00 1.600000e+00 2.728000e+00 4.151500e-01
2.600000e+00 1.600000e+00 2.303400e+00 3.270100e-01
2.700000e+00 1.600000e+00 1.988900e+00 2.712900e-01
2.800000e+00 1.600000e+00 1.735100e+00 2.307500e-01
2.900000e+00 1.600000e+00 1.510600e+00 1.971100e-01
3.000000e+00 1.600000e+00 1.302500e+00 1.675900e-01
3.100000e+00 1.600000e+00 1.110700e+00 1.420000e-01
3.200000e+00 1.600000e+00 9.401300e-01 1.205800e-01
3.300000e+00 1.600000e+00 7.940400e-01 1.030600e-01
3.400000e+00 1.600000e+00 6.715600e-01 8.857700e-02
3.500000e+00 1.600000e+00 5.688900e-01 7.612300e-02
3.600000e+00 1.600000e+00 4.819000e-01 6.505900e-02
3.700000e+00 1.600000e+00 4.075800e-01 5.520300e-02
3.800000e+00 1.600000e+00 3.438600e-01 4.655600e-02
3.900000e+00 1.600000e+00 2.890800e-01 3.904200e-02
4.000000e+00 1.600000e+00 2.419100e-01 3.249300e-02
4.100000e+00 1.600000e+00 2.014700e-01 2.677100e-02
4.200000e+00 1.600000e+00 1.671300e-01 2.182400e-02
4.300000e+00 1.600000e+00 1.383000e-01 1.764800e-02
4.400000e+00 1.600000e+00 1.143600e-01 1.425400e-02
4.500000e+00 1.600000e+00 9.476100e-02 1.163800e-02
4.600000e+00 1.600000e+00 7.893400e-02 9.713100e-03
4.700000e+00 1.600000e+00 6.606700e-02 8.259500e-03
4.800000e+00 1.600000e+00 5.518600e-02 7.010100e-03
4.900000e+00 1.600000e+00 4.567000e-02 5.827200e-03
5.000000e+00 1.600000e+00 3.754000e-02 4.772700e-03
5.100000e+00 1.600000e+00 3.103900e-02 3.972300e-03
5.200000e+00 1.600000e+00 2.594400e-02 3.417500e-03
5.300000e+00 1.600000e+00 2.147400e-02 2.933100e-03
5.400000e+00 1.600000e+00 1.690800e-02 2.350400e-03
5.500000e+00 1.600000e+00 1.228700e-02 1.663400e-03
5.600000e+00 1.600000e+00 8.482800e-03 9.916900e-04
5.700000e+00 1.600000e+00 6.423600e-03 4.450800e-04
5.800000e+00 1.600000e+00 6.002700e-03 3.163800e-05
5.900000e+00 1.600000e+00 5.926400e-03 -3.579300e-04
6.000000e+00 1.600000e+00 4.906800e-03 -7.056100e-04
1.000000e-03 1.800000e+00 1.852400e+04 4.634400e+03
1.000000e-01 1.800000e+00 1.770200e+04 4.545000e+03
2.000000e-01 1.800000e+00 1.547000e+04 4.267900e+03
3.000000e-01 1.800000e+00 1.241600e+04 3.796000e+03
4.000000e-01 1.800000e+00 9.211800e+03 3.160300e+03
5.000000e-01 1.800000e+00 6.370400e+03 2.441700e+03
6.000000e-01 1.800000e+00 4.146200e+03 1.745900e+03
7.000000e-01 1.800000e+00 2.569100e+03 1.159900e+03
8.000000e-01 1.800000e+00 1.538500e+03 7.252000e+02
9.000000e-01 1.800000e+00 9.090700e+02 4.367300e+02
1.000000e+00 1.800000e+00 5.439000e+02 2.618700e+02
1.100000e+00 1.800000e+00 3.377500e+02 1.618000e+02
1.200000e+00 1.800000e+00 2.202300e+02 1.048900e+02
1.300000e+00 1.800000e+00 1.494300e+02 7.062200e+01
1.400000e+00 1.800000e+00 1.030400e+02 4.796100e+01
1.500000e+00 1.800000e+00 7.053100e+01 3.195800e+01
1.600000e+00 1.800000e+00 4.727400e+01 2.061900e+01
1.700000e+00 1.800000e+00 3.097100e+01 1.291000e+01
1.800000e+00 1.800000e+00 1.999700e+01 7.948800e+00
1.900000e+00 1.800000e+00 1.292200e+01 4.893700e+00
2.000000e+00 1.800000e+00 8.501400e+00 3.046700e+00
2.100000e+00 1.800000e+00 5.757300e+00 1.918900e+00
2.200000e+00 1.800000e+00 4.025000e+00 1.217200e+00
2.300000e+00 1.800000e+00 2.905600e+00 7.805500e-01
2.400000e+00 1.800000e+00 2.174000e+00 5.165300e-01
2.500000e+00 1.800000e+00 1.697900e+00 3.632100e-01
2.600000e+00 1.800000e+00 1.387700e+00 2.749500e-01
2.700000e+00 1.800000e+00 1.176600e+00 2.201200e-01
2.800000e+00 1.800000e+00 1.017100e+00 1.805000e-01
2.900000e+00 1.800000e+00 8.806500e-01 1.482400e-01
3.000000e+00 1.800000e+00 7.557200e-01 1.212700e-01
3.100000e+00 1.800000e+00 6.416900e-01 9.949300e-02
3.200000e+00 1.800000e+00 5.417000e-01 8.271300e-02
3.300000e+00 1.800000e+00 4.574300e-01 7.001100e-02
3.400000e+00 1.800000e+00 3.876200e-01 6.006300e-02
3.500000e+00 1.800000e+00 3.293400e-01 5.168300e-02
3.600000e+00 1.800000e+00 2.798100e-01 4.417700e-02
3.700000e+00 1.800000e+00 2.371500e-01 3.734000e-02
3.800000e+00 1.800000e+00 2.002700e-01 3.120700e-02
3.900000e+00 1.800000e+00 1.684200e-01 2.582000e-02
4.000000e+00 1.800000e+00 1.409500e-01 2.114900e-02
4.100000e+00 1.800000e+00 1.172900e-01 1.713600e-02
4.200000e+00 1.800000e+00 9.706600e-02 1.373700e-02
4.300000e+00 1.800000e+00 8.005100e-02 1.092800e-02
4.400000e+00 1.800000e+00 6.607300e-02 8.694300e-03
4.500000e+00 1.800000e+00 5.487400e-02 7.006700e-03
4.600000e+00 1.800000e+00 4.602600e-02 5.786300e-03
4.700000e+00 1.800000e+00 3.891800e-02 4.887900e-03
4.800000e+00 1.800000e+00 3.289300e-02 4.150900e-03
4.900000e+00 1.800000e+00 2.753800e-02 3.485800e-03
5.000000e+00 1.800000e+00 2.287500e-02 2.905700e-03
5.100000e+00 1.800000e+00 1.916100e-02 2.458000e-03
5.200000e+00 1.800000e+00 1.637100e-02 2.132700e-03
5.300000e+00 1.800000e+00 1.395400e-02 1.861000e-03
5.400000e+00 1.800000e+00 1.126700e-02 1.576100e-03
5.500000e+00 1.800000e+00 8.246200e-03 1.219600e-03
5.600000e+00 1.800000e+00 5.542200e-03 7.188900e-04
5.700000e+00 1.800000e+00 3.904100e-03 6.961400e-05
5.800000e+00 1.800000e+00 3.542200e-03 -5.136500e-04
5.900000e+00 1.800000e+00 4.120500e-03 -5.877600e-04
6.000000e+00 1.800000e+00 4.720300e-03 1.575100e-04
1.000000e-03 2.000000e+00 7.936600e+03 1.996300e+03
1.000000e-01 2.000000e+00 7.604900e+03 1.962500e+03
2.000000e-01 2.000000e+00 6.700900e+03 1.856300e+03
3.000000e-01 2.000000e+00 5.453300e+03 1.671300e+03
4.000000e-01 2.000000e+00 4.126900e+03 1.415600e+03
5.000000e-01 2.000000e+00 2.929500e+03 1.119200e+03
6.000000e-01 2.000000e+00 1.971800e+03 8.250500e+02
7.000000e-01 2.000000e+00 1.276600e+03 5.717700e+02
8.000000e-01 2.000000e+00 8.114900e+02 3.799000e+02
9.000000e-01 2.000000e+00 5.202100e+02 2.494900e+02
1.000000e+00 2.000000e+00 3.454800e+02 1.674100e+02
1.100000e+00 2.000000e+00 2.411100e+02 1.171500e+02
1.200000e+00 2.000000e+00 1.754700e+02 8.512800e+01
1.300000e+00 2.000000e+00 1.299700e+02 6.268900e+01
1.400000e+00 2.000000e+00 9.539300e+01 4.549900e+01
1.500000e+00 2.000000e+00 6.813800e+01 3.193900e+01
1.600000e+00 2.000000e+00 4.701600e+01 2.152900e+01
1.700000e+00 2.000000e+00 3.136500e+01 1.396400e+01
1.800000e+00 2.000000e+00 2.036400e+01 8.793500e+00
1.900000e+00 2.000000e+00 1.300900e+01 5.443400e+00
2.000000e+00 2.000000e+00 8.284800e+00 3.350900e+00
2.100000e+00 2.000000e+00 5.327700e+00 2.065700e+00
2.200000e+00 2.000000e+00 3.495000e+00 1.279700e+00
2.300000e+00 2.000000e+00 2.358400e+00 8.020400e-01
2.400000e+00 2.000000e+00 1.651600e+00 5.169400e-01
2.500000e+00 2.000000e+00 1.211800e+00 3.503500e-01
2.600000e+00 2.000000e+00 9.355900e-01 2.524500e-01
2.700000e+00 2.000000e+00 7.550900e-01 1.908300e-01
2.800000e+00 2.000000e+00 6.272400e-01 1.473800e-01
2.900000e+00 2.000000e+00 5.272900e-01 1.142700e-01
3.000000e+00 2.000000e+00 4.436100e-01 8.896400e-02
3.100000e+00 2.000000e+00 3.724400e-01 7.040200e-02
3.200000e+00 2.000000e+00 3.132200e-01 5.735300e-02
3.300000e+00 2.000000e+00 2.652000e-01 4.825300e-02
3.400000e+00 2.000000e+00 2.263800e-01 4.156300e-02
3.500000e+00 2.000000e+00 1.941800e-01 3.610800e-02
3.600000e+00 2.000000e+00 1.665300e-01 3.120100e-02
3.700000e+00 2.000000e+00 1.421700e-01 2.656500e-02
3.800000e+00 2.000000e+00 1.205500e-01 2.218300e-02
3.900000e+00 2.000000e+00 1.014900e-01 1.815900e-02
4.000000e+00 2.000000e+00 8.486600e-02 1.461200e-02
4.100000e+00 2.000000e+00 7.050700e-02 1.160900e-02
4.200000e+00 2.000000e+00 5.824300e-02 9.155600e-03
4.300000e+00 2.000000e+00 4.796600e-02 7.203800e-03
4.400000e+00 2.000000e+00 3.957100e-02 5.679300e-03
4.500000e+00 2.000000e+00 3.287400e-02 4.501100e-03
4.600000e+00 2.000000e+00 2.758600e-02 3.600200e-03
4.700000e+00 2.000000e+00 2.335200e-02 2.923700e-03
4.800000e+00 2.000000e+00 1.980600e-02 2.426300e-03
4.900000e+00 2.000000e+00 1.670500e-02 2.064500e-03
5.000000e+00 2.000000e+00 1.404600e-02 1.787300e-03
5.100000e+00 2.000000e+00 1.194000e-02 1.527900e-03
5.200000e+00 2.000000e+00 1.028400e-02 1.245600e-03
5.300000e+00 2.000000e+00 8.707400e-03 9.961600e-04
5.400000e+00 2.000000e+00 6.938300e-03 8.619700e-04
5.500000e+00 2.000000e+00 5.070500e-03 7.518900e-04
5.600000e+00 2.000000e+00 3.413200e-03 4.210900e-04
5.700000e+00 2.000000e+00 2.307100e-03 -1.837500e-04
5.800000e+00 2.000000e+00 2.049100e-03 -6.975400e-04
5.900000e+00 2.000000e+00 2.573400e-03 -5.670100e-04
6.000000e+00 2.000000e+00 2.991000e-03 4.147200e-04
1.000000e-03 2.200000e+00 3.130300e+03 7.831400e+02
1.000000e-01 2.200000e+00 3.010200e+03 7.748400e+02
2.000000e-01 2.200000e+00 2.681700e+03 7.460700e+02
3.000000e-01 2.200000e+00 2.224400e+03 6.894500e+02
4.000000e-01 2.200000e+00 1.731700e+03 6.028900e+02
5.000000e-01 2.200000e+00 1.278900e+03 4.949800e+02
6.000000e-01 2.200000e+00 9.085500e+02 3.824900e+02
7.000000e-01 2.200000e+00 6.324700e+02 2.824200e+02
8.000000e-01 2.200000e+00 4.414400e+02 2.046300e+02
9.000000e-01 2.200000e+00 3.162800e+02 1.499900e+02
1.000000e+00 2.200000e+00 2.360000e+02 1.134800e+02
1.100000e+00 2.200000e+00 1.827400e+02 8.854800e+01
1.200000e+00 2.200000e+00 1.439400e+02 6.994400e+01
1.300000e+00 2.200000e+00 1.126000e+02 5.464900e+01
1.400000e+00 2.200000e+00 8.592200e+01 4.150400e+01
1.500000e+00 2.200000e+00 6.335500e+01 3.033800e+01
1.600000e+00 2.200000e+00 4.499200e+01 2.126200e+01
1.700000e+00 2.200000e+00 3.081100e+01 1.429700e+01
1.800000e+00 2.200000e+00 2.043700e+01 9.270900e+00
1.900000e+00 2.200000e+00 1.321800e+01 5.847500e+00
2.000000e+00 2.200000e+00 8.410600e+00 3.625400e+00
2.100000e+00 2.200000e+00 5.324400e+00 2.233400e+00
2.200000e+00 2.200000e+00 3.395800e+00 1.379500e+00
2.300000e+00 2.200000e+00 2.206900e+00 8.606800e-01
2.400000e+00 2.200000e+00 1.475300e+00 5.469700e-01
2.500000e+00 2.200000e+00 1.022300e+00 3.581100e-01
2.600000e+00 2.200000e+00 7.375600e-01 2.435600e-01
2.700000e+00 2.200000e+00 5.532600e-01 1.714400e-01
2.800000e+00 2.200000e+00 4.285700e-01 1.230900e-01
2.900000e+00 2.200000e+00 3.399700e-01 8.922000e-02
3.000000e+00 2.200000e+00 2.744400e-01 6.563500e-02
3.100000e+00 2.200000e+00 2.249800e-01 4.987200e-02
3.200000e+00 2.200000e+00 1.876100e-01 3.975500e-02
3.300000e+00 2.200000e+00 1.594000e-01 3.330300e-02
3.400000e+00 2.200000e+00 1.376600e-01 2.893900e-02
3.500000e+00 2.200000e+00 1.199700e-01 2.556500e-02
3.600000e+00 2.200000e+00 1.045300e-01 2.251100e-02
3.700000e+00 2.200000e+00 9.033100e-02 1.944100e-02
3.800000e+00 2.200000e+00 7.706600e-02 1.629000e-02
3.900000e+00 2.200000e+00 6.487000e-02 1.320300e-02
4.000000e+00 2.200000e+00 5.401700e-02 1.041000e-02
4.100000e+00 2.200000e+00 4.466900e-02 8.083200e-03
4.200000e+00 2.200000e+00 3.681300e-02 6.265600e-03
4.300000e+00 2.200000e+00 3.031500e-02 4.887800e-03
4.400000e+00 2.200000e+00 2.498100e-02 3.820000e-03
4.500000e+00 2.200000e+00 2.059700e-02 2.939400e-03
4.600000e+00 2.200000e+00 1.698900e-02 2.191300e-03
4.700000e+00 2.200000e+00 1.404400e-02 1.599200e-03
4.800000e+00 2.200000e+00 1.166800e-02 1.209400e-03
4.900000e+00 2.200000e+00 9.765000e-03 1.015800e-03
5.000000e+00 2.200000e+00 8.258900e-03 9.184900e-04
5.100000e+00 2.200000e+00 7.039000e-03 7.635800e-04
5.200000e+00 2.200000e+00 5.904500e-03 4.958300e-04
5.300000e+00 2.200000e+00 4.699300e-03 2.601400e-04
5.400000e+00 2.200000e+00 3.479900e-03 2.074800e-04
5.500000e+00 2.200000e+00 2.373700e-03 1.959700e-04
5.600000e+00 2.200000e+00 1.402300e-03 -8.114000e-05
5.700000e+00 2.200000e+00 7.596200e-04 -5.762300e-04
5.800000e+00 2.200000e+00 8.790500e-04 -7.553400e-04
5.900000e+00 2.200000e+00 1.493200e-03 -2.335400e-04
6.000000e+00 2.200000e+00 1.306400e-03 6.206600e-04
1.000000e-03 2.400000e+00 1.176400e+03 2.862300e+02
1.000000e-01 2.400000e+00 1.136700e+03 2.869200e+02
2.000000e-01 2.400000e+00 1.027300e+03 2.858400e+02
3.000000e-01 2.400000e+00 8.736200e+02 2.762900e+02
4.000000e-01 2.400000e+00 7.062800e+02 2.537000e+02
5.000000e-01 2.400000e+00 5.508000e+02 2.196400e+02
6.000000e-01 2.400000e+00 4.221200e+02 1.808600e+02
7.000000e-01 2.400000e+00 3.243300e+02 1.449600e+02
8.000000e-01 2.400000e+00 2.541600e+02 1.164300e+02
9.000000e-01 2.400000e+00 2.050300e+02 9.562400e+01
1.000000e+00 2.400000e+00 1.698000e+02 8.037100e+01
1.100000e+00 2.400000e+00 1.422100e+02 6.802100e+01
1.200000e+00 2.400000e+00 1.181000e+02 5.683600e+01
1.300000e+00 2.400000e+00 9.578000e+01 4.625500e+01
1.400000e+00 2.400000e+00 7.525700e+01 3.641300e+01
1.500000e+00 2.400000e+00 5.711200e+01 2.761600e+01
1.600000e+00 2.400000e+00 4.181000e+01 2.011300e+01
1.700000e+00 2.400000e+00 2.952600e+01 1.404400e+01
1.800000e+00 2.400000e+00 2.014400e+01 9.417000e+00
1.900000e+00 2.400000e+00 1.332800e+01 6.100000e+00
2.000000e+00 2.400000e+00 8.613200e+00 3.857600e+00
2.100000e+00 2.400000e+00 5.493300e+00 2.412900e+00
2.200000e+00 2.400000e+00 3.497700e+00 1.508800e+00
2.300000e+00 2.400000e+00 2.244600e+00 9.471700e-01
2.400000e+00 2.400000e+00 1.460700e+00 5.969000e-01
2.500000e+00 2.400000e+00 9.680100e-01 3.781600e-01
2.600000e+00 2.400000e+00 6.559000e-01 2.424200e-01
2.700000e+00 2.400000e+00 4.561400e-01 1.584300e-01
2.800000e+00 2.400000e+00 3.263500e-01 1.057000e-01
2.900000e+00 2.400000e+00 2.405300e-01 7.183100e-02
3.000000e+00 2.400000e+00 1.831400e-01 5.002500e-02
3.100000e+00 2.400000e+00 1.447200e-01 3.642900e-02
3.200000e+00 2.400000e+00 1.189100e-01 2.833700e-02
3.300000e+00 2.400000e+00 1.011300e-01 2.362900e-02
3.400000e+00 2.400000e+00 8.818600e-02 2.073600e-02
3.500000e+00 2.400000e+00 7.788600e-02 1.860500e-02
3.600000e+00 2.400000e+00 6.874400e-02 1.659900e-02
3.700000e+00 2.400000e+00 5.988800e-02 1.440600e-02
3.800000e+00 2.400000e+00 5.111300e-02 1.199500e-02
3.900000e+00 2.400000e+00 4.274200e-02 9.547700e-03
4.000000e+00 2.400000e+00 3.524100e-02 7.331600e-03
4.100000e+00 2.400000e+00 2.887700e-02 5.538200e-03
4.200000e+00 2.400000e+00 2.363700e-02 4.206000e-03
4.300000e+00 2.400000e+00 1.935400e-02 3.240100e-03
4.400000e+00 2.400000e+00 1.580900e-02 2.484900e-03
4.500000e+00 2.400000e+00 1.277600e-02 1.809500e-03
4.600000e+00 2.400000e+00 1.010200e-02 1.177300e-03
4.700000e+00 2.400000e+00 7.810500e-03 6.527300e-04
4.800000e+00 2.400000e+00 6.048100e-03 3.262900e-04
4.900000e+00 2.400000e+00 4.851400e-03 2.078300e-04
5.000000e+00 2.400000e+00 4.003100e-03 1.781700e-04
5.100000e+00 2.400000e+00 3.207500e-03 8.212400e-05
5.200000e+00 2.400000e+00 2.371700e-03 -9.384500e-05
5.300000e+00 2.400000e+00 1.595000e-03 -2.114700e-04
5.400000e+00 2.400000e+00 9.206600e-04 -2.285000e-04
5.500000e+00 2.400000e+00 2.612900e-04 -3.365700e-04
5.600000e+00 2.400000e+00 -3.865800e-04 -6.822100e-04
5.700000e+00 2.400000e+00 -7.197000e-04 -1.001100e-03
5.800000e+00 2.400000e+00 -3.092000e-04 -7.419700e-04
5.900000e+00 2.400000e+00 6.201400e-04 2.227600e-04
6.000000e+00 2.400000e+00 7.893700e-04 1.029100e-03
1.000000e-03 2.600000e+00 4.380800e+02 9.865300e+01
1.000000e-01 2.600000e+00 4.258800e+02 1.014700e+02
2.000000e-01 2.600000e+00 3.920800e+02 1.075900e+02
3.000000e-01 2.600000e+00 3.441400e+02 1.117800e+02
4.000000e-01 2.600000e+00 2.917100e+02 1.099100e+02
5.000000e-01 2.600000e+00 2.433600e+02 1.016300e+02
6.000000e-01 2.600000e+00 2.041100e+02 8.998200e+01
7.000000e-01 2.600000e+00 1.748500e+02 7.868000e+01
8.000000e-01 2.600000e+00 1.537000e+02 6.981500e+01
9.000000e-01 2.600000e+00 1.376700e+02 6.327500e+01
1.000000e+00 2.600000e+00 1.237900e+02 5.768700e+01
1.100000e+00 2.600000e+00 1.098700e+02 5.176200e+01
1.200000e+00 2.600000e+00 9.502200e+01 4.507400e+01
1.300000e+00 2.600000e+00 7.954600e+01 3.794400e+01
1.400000e+00 2.600000e+00 6.435100e+01 3.088700e+01
1.500000e+00 2.600000e+00 5.031900e+01 2.428700e+01
1.600000e+00 2.600000e+00 3.802500e+01 1.838000e+01
1.700000e+00 2.600000e+00 2.773800e+01 1.333600e+01
1.800000e+00 2.600000e+00 1.951800e+01 9.269500e+00
1.900000e+00 2.600000e+00 1.327900e+01 6.202300e+00
2.000000e+00 2.600000e+00 8.795200e+00 4.039500e+00
2.100000e+00 2.600000e+00 5.725100e+00 2.594500e+00
2.200000e+00 2.600000e+00 3.693200e+00 1.657300e+00
2.300000e+00 2.600000e+00 2.372800e+00 1.052500e+00
2.400000e+00 2.600000e+00 1.521800e+00 6.602900e-01
2.500000e+00 2.600000e+00 9.762700e-01 4.073100e-01
2.600000e+00 2.600000e+00 6.293700e-01 2.484500e-01
2.700000e+00 2.600000e+00 4.110500e-01 1.524700e-01
2.800000e+00 2.600000e+00 2.747000e-01 9.597200e-02
2.900000e+00 2.600000e+00 1.897100e-01 6.248700e-02
3.000000e+00 2.600000e+00 1.368700e-01 4.215800e-02
3.100000e+00 2.600000e+00 1.043400e-01 2.986400e-02
3.200000e+00 2.600000e+00 8.432000e-02 2.277000e-02
3.300000e+00 2.600000e+00 7.144600e-02 1.886400e-02
3.400000e+00 2.600000e+00 6.231600e-02 1.659100e-02
3.500000e+00 2.600000e+00 5.497700e-02 1.488500e-02
3.600000e+00 2.600000e+00 4.828900e-02 1.315600e-02
3.700000e+00 2.600000e+00 4.166700e-02 1.120200e-02
3.800000e+00 2.600000e+00 3.507900e-02 9.091100e-03
3.900000e+00 2.600000e+00 2.887400e-02 7.029800e-03
4.000000e+00 2.600000e+00 2.343800e-02 5.242700e-03
4.100000e+00 2.600000e+00 1.893100e-02 3.863500e-03
4.200000e+00 2.600000e+00 1.527700e-02 2.888200e-03
4.300000e+00 2.600000e+00 1.229800e-02 2.199800e-03
4.400000e+00 2.600000e+00 9.814600e-03 1.643900e-03
4.500000e+00 2.600000e+00 7.652400e-03 1.111700e-03
4.600000e+00 2.600000e+00 5.681800e-03 5.899200e-04
4.700000e+00 2.600000e+00 3.933300e-03 1.510900e-04
4.800000e+00 2.600000e+00 2.588200e-03 -1.244100e-04
4.900000e+00 2.600000e+00 1.721100e-03 -2.442900e-04
5.000000e+00 2.600000e+00 1.126000e-03 -3.070800e-04
5.100000e+00 2.600000e+00 5.607300e-04 -3.717700e-04
5.200000e+00 2.600000e+00 4.076800e-05 -3.788300e-04
5.300000e+00 2.600000e+00 -3.259500e-04 -3.082400e-04
5.400000e+00 2.600000e+00 -6.219000e-04 -3.458000e-04
5.500000e+00 2.600000e+00 -9.807400e-04 -6.820700e-04
5.600000e+00 2.600000e+00 -1.359700e-03 -1.149400e-03
5.700000e+00 2.600000e+00 -1.582500e-03 -1.249600e-03
5.800000e+00 2.600000e+00 -1.266600e-03 -5.814600e-04
5.900000e+00 2.600000e+00 -1.706900e-05 6.909300e-04
6.000000e+00 2.600000e+00 1.227200e-03 1.503200e-03
1.000000e-03 2.800000e+00 1.653700e+02 3.093200e+01
1.000000e-01 2.800000e+00 1.621600e+02 3.364200e+01
2.000000e-01 2.800000e+00 1.531000e+02 4.013300e+01
3.000000e-01 2.800000e+00 1.399900e+02 4.670600e+01
4.000000e-01 2.800000e+00 1.256000e+02 5.021800e+01
5.000000e-01 2.800000e+00 1.128200e+02 4.994600e+01
6.000000e-01 2.800000e+00 1.035300e+02 4.740700e+01
7.000000e-01 2.800000e+00 9.796100e+01 4.472900e+01
8.000000e-01 2.800000e+00 9.492600e+01 4.306700e+01
9.000000e-01 2.800000e+00 9.243700e+01 4.212900e+01
1.000000e+00 2.800000e+00 8.862500e+01 4.084400e+01
1.100000e+00 2.800000e+00 8.250100e+01 3.839100e+01
1.200000e+00 2.800000e+00 7.411800e+01 3.469400e+01
1.300000e+00 2.800000e+00 6.418700e+01 3.020200e+01
1.400000e+00 2.800000e+00 5.363400e+01 2.542400e+01
1.500000e+00 2.800000e+00 4.330000e+01 2.070400e+01
1.600000e+00 2.800000e+00 3.379000e+01 1.625200e+01
1.700000e+00 2.800000e+00 2.545900e+01 1.223900e+01
1.800000e+00 2.800000e+00 1.850500e+01 8.828800e+00
1.900000e+00 2.800000e+00 1.300400e+01 6.131300e+00
2.000000e+00 2.800000e+00 8.888200e+00 4.141600e+00
2.100000e+00 2.800000e+00 5.950500e+00 2.750200e+00
2.200000e+00 2.800000e+00 3.919800e+00 1.803800e+00
2.300000e+00 2.800000e+00 2.543500e+00 1.163700e+00
2.400000e+00 2.800000e+00 1.625400e+00 7.313100e-01
2.500000e+00 2.800000e+00 1.024200e+00 4.444600e-01
2.600000e+00 2.800000e+00 6.395900e-01 2.626000e-01
2.700000e+00 2.800000e+00 4.003100e-01 1.545500e-01
2.800000e+00 2.800000e+00 2.555900e-01 9.398500e-02
2.900000e+00 2.800000e+00 1.699500e-01 6.045300e-02
3.000000e+00 2.800000e+00 1.196400e-01 4.099200e-02
3.100000e+00 2.800000e+00 8.988900e-02 2.915100e-02
3.200000e+00 2.800000e+00 7.184600e-02 2.206500e-02
3.300000e+00 2.800000e+00 6.019000e-02 1.801200e-02
3.400000e+00 2.800000e+00 5.172600e-02 1.555700e-02
3.500000e+00 2.800000e+00 4.466800e-02 1.363100e-02
3.600000e+00 2.800000e+00 3.816600e-02 1.168200e-02
3.700000e+00 2.800000e+00 3.199300e-02 9.605700e-03
3.800000e+00 2.800000e+00 2.628100e-02 7.543800e-03
3.900000e+00 2.800000e+00 2.124300e-02 5.691700e-03
4.000000e+00 2.800000e+00 1.699500e-02 4.190300e-03
4.100000e+00 2.800000e+00 1.352800e-02 3.086200e-03
4.200000e+00 2.800000e+00 1.073200e-02 2.326400e-03
4.300000e+00 2.800000e+00 8.446800e-03 1.785300e-03
4.400000e+00 2.800000e+00 6.530500e-03 1.328600e-03
4.500000e+00 2.800000e+00 4.889600e-03 8.810300e-04
4.600000e+00 2.800000e+00 3.465000e-03 4.511200e-04
4.700000e+00 2.800000e+00 2.230900e-03 9.804300e-05
4.800000e+00 2.800000e+00 1.199400e-03 -1.443400e-04
4.900000e+00 2.800000e+00 3.812100e-04 -3.151100e-04
5.000000e+00 2.800000e+00 -2.314600e-04 -4.552500e-04
5.100000e+00 2.800000e+00 -6.257800e-04 -4.931700e-04
5.200000e+00 2.800000e+00 -8.260600e-04 -3.326000e-04
5.300000e+00 2.800000e+00 -9.825900e-04 -1.208900e-04
5.400000e+00 2.800000e+00 -1.207600e-03 -2.357700e-04
5.500000e+00 2.800000e+00 -1.388200e-03 -8.045000e-04
5.600000e+00 2.800000e+00 -1.438400e-03 -1.359000e-03
5.700000e+00 2.800000e+00 -1.486300e-03 -1.209300e-03
5.800000e+00 2.800000e+00 -1.314600e-03 -1.625000e-04
5.900000e+00 2.800000e+00 -2.387400e-04 1.186300e-03
6.000000e+00 2.800000e+00 1.157100e-03 1.662700e-03
1.000000e-03 3.000000e+00 6.249700e+01 7.363200e+00
1.000000e-01 3.000000e+00 6.215000e+01 9.415800e+00
2.000000e-01 3.000000e+00 6.101400e+01 1.450000e+01
3.000000e-01 3.000000e+00 5.906100e+01 2.015200e+01
4.000000e-01 3.000000e+00 5.674500e+01 2.417600e+01
5.000000e-01 3.000000e+00 5.498300e+01 2.588000e+01
6.000000e-01 3.000000e+00 5.467100e+01 2.607800e+01
7.000000e-01 3.000000e+00 5.608300e+01 2.609700e+01
8.000000e-01 3.000000e+00 5.854900e+01 2.668100e+01
9.000000e-01 3.000000e+00 6.072000e+01 2.759600e+01
1.000000e+00 3.000000e+00 6.129000e+01 2.807400e+01
1.100000e+00 3.000000e+00 5.959000e+01 2.751600e+01
1.200000e+00 3.000000e+00 5.566200e+01 2.582900e+01
1.300000e+00 3.000000e+00 4.999200e+01 2.329700e+01
1.400000e+00 3.000000e+00 4.325100e+01 2.028900e+01
1.500000e+00 3.000000e+00 3.610700e+01 1.708400e+01
1.600000e+00 3.000000e+00 2.910600e+01 1.387100e+01
1.700000e+00 3.000000e+00 2.265500e+01 1.081800e+01
1.800000e+00 3.000000e+00 1.703800e+01 8.102200e+00
1.900000e+00 3.000000e+00 1.241300e+01 5.856100e+00
2.000000e+00 3.000000e+00 8.795100e+00 4.117300e+00
2.100000e+00 3.000000e+00 6.082300e+00 2.835500e+00
2.200000e+00 3.000000e+00 4.112300e+00 1.915700e+00
2.300000e+00 3.000000e+00 2.717500e+00 1.262600e+00
2.400000e+00 3.000000e+00 1.753000e+00 8.030400e-01
2.500000e+00 3.000000e+00 1.103700e+00 4.887000e-01
2.600000e+00 3.000000e+00 6.810400e-01 2.857600e-01
2.700000e+00 3.000000e+00 4.171300e-01 1.650000e-01
2.800000e+00 3.000000e+00 2.600000e-01 9.877400e-02
2.900000e+00 3.000000e+00 1.702200e-01 6.376500e-02
3.000000e+00 3.000000e+00 1.196000e-01 4.424600e-02
3.100000e+00 3.000000e+00 9.013100e-02 3.217200e-02
3.200000e+00 3.000000e+00 7.169800e-02 2.435500e-02
3.300000e+00 3.000000e+00 5.901800e-02 1.937800e-02
3.400000e+00 3.000000e+00 4.930600e-02 1.610000e-02
3.500000e+00 3.000000e+00 4.112700e-02 1.355800e-02
3.600000e+00 3.000000e+00 3.390600e-02 1.121200e-02
3.700000e+00 3.000000e+00 2.757200e-02 8.957100e-03
3.800000e+00 3.000000e+00 2.220800e-02 6.911300e-03
3.900000e+00 3.000000e+00 1.780700e-02 5.208700e-03
4.000000e+00 3.000000e+00 1.423900e-02 3.902500e-03
4.100000e+00 3.000000e+00 1.133600e-02 2.963200e-03
4.200000e+00 3.000000e+00 8.952600e-03 2.303800e-03
4.300000e+00 3.000000e+00 6.977700e-03 1.809700e-03
4.400000e+00 3.000000e+00 5.337800e-03 1.381800e-03
4.500000e+00 3.000000e+00 3.997400e-03 9.779600e-04
4.600000e+00 3.000000e+00 2.918800e-03 6.158200e-04
4.700000e+00 3.000000e+00 2.018300e-03 3.254900e-04
4.800000e+00 3.000000e+00 1.182900e-03 8.963600e-05
4.900000e+00 3.000000e+00 3.696200e-04 -1.411700e-04
5.000000e+00 3.000000e+00 -3.015400e-04 -3.351800e-04
5.100000e+00 3.000000e+00 -6.497800e-04 -3.397400e-04
5.200000e+00 3.000000e+00 -7.131200e-04 -8.992100e-05
5.300000e+00 3.000000e+00 -7.937900e-04 1.433400e-04
5.400000e+00 3.000000e+00 -1.060000e-03 -8.044900e-05
5.500000e+00 3.000000e+00 -1.260400e-03 -7.957800e-04
5.600000e+00 3.000000e+00 -1.082900e-03 -1.331200e-03
5.700000e+00 3.000000e+00 -6.450300e-04 -8.764600e-04
5.800000e+00 3.000000e+00 -3.054800e-04 5.004000e-04
5.900000e+00 3.000000e+00 -1.403200e-04 1.628100e-03
6.000000e+00 3.000000e+00 -1.306300e-04 1.269700e-03
1.000000e-03 3.200000e+00 2.343000e+01 3.103400e-01
1.000000e-01 3.200000e+00 2.383000e+01 1.672100e+00
2.000000e-01 3.200000e+00 2.480200e+01 5.103500e+00
3.000000e-01 3.200000e+00 2.590200e+01 9.086000e+00
4.000000e-01 3.200000e+00 2.692200e+01 1.221300e+01
5.000000e-01 3.200000e+00 2.810300e+01 1.396400e+01
6.000000e-01 3.200000e+00 2.991500e+01 1.476200e+01
7.000000e-01 3.200000e+00 3.258400e+01 1.540600e+01
8.000000e-01 3.200000e+00 3.578700e+01 1.638800e+01
9.000000e-01 3.200000e+00 3.877300e+01 1.761300e+01
1.000000e+00 3.200000e+00 4.076400e+01 1.861900e+01
1.100000e+00 3.200000e+00 4.124900e+01 1.897800e+01
1.200000e+00 3.200000e+00 4.006500e+01 1.852300e+01
1.300000e+00 3.200000e+00 3.736500e+01 1.734200e+01
1.400000e+00 3.200000e+00 3.351200e+01 1.563700e+01
1.500000e+00 3.200000e+00 2.895500e+01 1.360300e+01
1.600000e+00 3.200000e+00 2.413200e+01 1.140100e+01
1.700000e+00 3.200000e+00 1.942800e+01 9.195500e+00
1.800000e+00 3.200000e+00 1.514100e+01 7.146100e+00
1.900000e+00 3.200000e+00 1.144900e+01 5.373800e+00
2.000000e+00 3.200000e+00 8.416900e+00 3.931000e+00
2.100000e+00 3.200000e+00 6.022100e+00 2.808300e+00
2.200000e+00 3.200000e+00 4.195800e+00 1.959500e+00
2.300000e+00 3.200000e+00 2.845700e+00 1.327600e+00
2.400000e+00 3.200000e+00 1.875300e+00 8.643400e-01
2.500000e+00 3.200000e+00 1.198300e+00 5.358100e-01
2.600000e+00 3.200000e+00 7.439400e-01 3.170000e-01
2.700000e+00 3.200000e+00 4.542900e-01 1.835800e-01
2.800000e+00 3.200000e+00 2.804900e-01 1.095100e-01
2.900000e+00 3.200000e+00 1.818600e-01 7.075300e-02
3.000000e+00 3.200000e+00 1.273300e-01 4.975400e-02
3.100000e+00 3.200000e+00 9.603700e-02 3.676200e-02
3.200000e+00 3.200000e+00 7.595400e-02 2.778500e-02
3.300000e+00 3.200000e+00 6.125000e-02 2.146100e-02
3.400000e+00 3.200000e+00 4.949700e-02 1.699700e-02
3.500000e+00 3.200000e+00 3.977500e-02 1.364800e-02
3.600000e+00 3.200000e+00 3.175000e-02 1.089300e-02
3.700000e+00 3.200000e+00 2.527100e-02 8.537700e-03
3.800000e+00 3.200000e+00 2.018100e-02 6.583500e-03
3.900000e+00 3.200000e+00 1.624700e-02 5.054100e-03
4.000000e+00 3.200000e+00 1.317100e-02 3.916900e-03
4.100000e+00 3.200000e+00 1.066600e-02 3.091000e-03
4.200000e+00 3.200000e+00 8.545300e-03 2.478600e-03
4.300000e+00 3.200000e+00 6.744600e-03 1.989800e-03
4.400000e+00 3.200000e+00 5.271500e-03 1.564900e-03
4.500000e+00 3.200000e+00 4.122700e-03 1.189100e-03
4.600000e+00 3.200000e+00 3.227100e-03 8.780800e-04
4.700000e+00 3.200000e+00 2.456800e-03 6.262300e-04
4.800000e+00 3.200000e+00 1.700900e-03 3.815500e-04
4.900000e+00 3.200000e+00 9.557100e-04 1.151500e-04
5.000000e+00 3.200000e+00 3.327900e-04 -8.238400e-05
5.100000e+00 3.200000e+00 -5.874000e-05 -5.805300e-05
5.200000e+00 3.200000e+00 -2.417900e-04 1.772100e-04
5.300000e+00 3.200000e+00 -3.760800e-04 3.183700e-04
5.400000e+00 3.200000e+00 -6.038600e-04 -3.066800e-06
5.500000e+00 3.200000e+00 -7.878500e-04 -7.161300e-04
5.600000e+00 3.200000e+00 -5.027900e-04 -1.083400e-03
5.700000e+00 3.200000e+00 3.190800e-04 -3.483700e-04
5.800000e+00 3.200000e+00 8.147500e-04 1.126900e-03
5.900000e+00 3.200000e+00 3.599500e-05 1.788000e-03
6.000000e+00 3.200000e+00 -1.487500e-03 5.399200e-04
1.000000e-03 3.400000e+00 9.813200e+00 -5.967200e-01
1.000000e-01 3.400000e+00 1.017700e+01 1.947900e-01
2.000000e-01 3.400000e+00 1.112900e+01 2.211600e+00
3.000000e-01 3.400000e+00 1.236700e+01 4.613700e+00
4.000000e-01 3.400000e+00 1.369200e+01 6.600700e+00
5.000000e-01 3.400000e+00 1.514500e+01 7.841300e+00
6.000000e-01 3.400000e+00 1.692900e+01 8.536400e+00
7.000000e-01 3.400000e+00 1.915200e+01 9.130200e+00
8.000000e-01 3.400000e+00 2.167400e+01 9.934500e+00
9.000000e-01 3.400000e+00 2.414800e+01 1.094600e+01
1.000000e+00 3.400000e+00 2.617400e+01 1.192500e+01
1.100000e+00 3.400000e+00 2.740700e+01 1.258700e+01
1.200000e+00 3.400000e+00 2.762200e+01 1.275900e+01
1.300000e+00 3.400000e+00 2.674900e+01 1.240700e+01
1.400000e+00 3.400000e+00 2.488800e+01 1.159600e+01
1.500000e+00 3.400000e+00 2.227100e+01 1.042800e+01
1.600000e+00 3.400000e+00 1.921000e+01 9.024800e+00
1.700000e+00 3.400000e+00 1.601600e+01 7.524800e+00
1.800000e+00 3.400000e+00 1.293600e+01 6.058400e+00
1.900000e+00 3.400000e+00 1.013600e+01 4.725800e+00
2.000000e+00 3.400000e+00 7.713300e+00 3.584800e+00
2.100000e+00 3.400000e+00 5.704800e+00 2.651900e+00
2.200000e+00 3.400000e+00 4.104000e+00 1.912700e+00
2.300000e+00 3.400000e+00 2.870400e+00 1.338000e+00
2.400000e+00 3.400000e+00 1.947100e+00 8.994000e-01
2.500000e+00 3.400000e+00 1.277000e+00 5.760600e-01
2.600000e+00 3.400000e+00 8.099100e-01 3.516900e-01
2.700000e+00 3.400000e+00 5.015900e-01 2.086600e-01
2.800000e+00 3.400000e+00 3.108700e-01 1.256700e-01
2.900000e+00 3.400000e+00 2.003200e-01 8.085000e-02
3.000000e+00 3.400000e+00 1.388000e-01 5.651200e-02
3.100000e+00 3.400000e+00 1.035300e-01 4.165100e-02
3.200000e+00 3.400000e+00 8.059400e-02 3.118600e-02
3.300000e+00 3.400000e+00 6.337100e-02 2.341000e-02
3.400000e+00 3.400000e+00 4.954600e-02 1.769700e-02
3.500000e+00 3.400000e+00 3.846700e-02 1.351000e-02
3.600000e+00 3.400000e+00 2.983800e-02 1.037000e-02
3.700000e+00 3.400000e+00 2.333600e-02 7.974200e-03
3.800000e+00 3.400000e+00 1.855500e-02 6.167000e-03
3.900000e+00 3.400000e+00 1.504600e-02 4.835700e-03
4.000000e+00 3.400000e+00 1.237900e-02 3.865500e-03
4.100000e+00 3.400000e+00 1.022100e-02 3.145200e-03
4.200000e+00 3.400000e+00 8.379100e-03 2.583400e-03
4.300000e+00 3.400000e+00 6.796800e-03 2.115500e-03
4.400000e+00 3.400000e+00 5.491600e-03 1.708700e-03
4.500000e+00 3.400000e+00 4.473700e-03 1.364200e-03
4.600000e+00 3.400000e+00 3.679400e-03 1.092500e-03
4.700000e+00 3.400000e+00 2.970200e-03 8.649100e-04
4.800000e+00 3.400000e+00 2.246600e-03 6.187500e-04
4.900000e+00 3.400000e+00 1.570300e-03 3.529800e-04
5.000000e+00 3.400000e+00 1.067600e-03 1.849700e-04
5.100000e+00 3.400000e+00 7.057900e-04 2.240600e-04
5.200000e+00 3.400000e+00 3.398100e-04 3.773700e-04
5.300000e+00 3.400000e+00 -3.197700e-05 3.576800e-04
5.400000e+00 3.400000e+00 -2.612400e-04 -3.329700e-05
5.500000e+00 3.400000e+00 -1.980400e-04 -5.688800e-04
5.600000e+00 3.400000e+00 2.905400e-04 -6.134400e-04
5.700000e+00 3.400000e+00 1.052700e-03 2.364900e-04
5.800000e+00 3.400000e+00 1.259200e-03 1.382500e-03
5.900000e+00 3.400000e+00 5.416800e-05 1.466200e-03
6.000000e+00 3.400000e+00 -1.978000e-03 -1.602200e-04
1.000000e-03 3.600000e+00 6.016300e+00 2.889300e-01
1.000000e-01 3.600000e+00 6.137700e+00 6.802300e-01
2.000000e-01 3.600000e+00 6.484700e+00 1.685200e+00
3.000000e-01 3.600000e+00 7.020000e+00 2.901700e+00
4.000000e-01 3.600000e+00 7.723900e+00 3.934100e+00
5.000000e-01 3.600000e+00 8.627600e+00 4.605200e+00
6.000000e-01 3.600000e+00 9.796600e+00 5.009400e+00
7.000000e-01 3.600000e+00 1.126300e+01 5.386600e+00
8.000000e-01 3.600000e+00 1.296000e+01 5.924700e+00
9.000000e-01 3.600000e+00 1.472300e+01 6.641900e+00
1.000000e+00 3.600000e+00 1.633700e+01 7.409300e+00
1.100000e+00 3.600000e+00 1.759200e+01 8.054800e+00
1.200000e+00 3.600000e+00 1.831800e+01 8.448200e+00
1.300000e+00 3.600000e+00 1.838400e+01 8.522500e+00
1.400000e+00 3.600000e+00 1.774400e+01 8.261600e+00
1.500000e+00 3.600000e+00 1.646500e+01 7.693800e+00
1.600000e+00 3.600000e+00 1.472000e+01 6.889200e+00
1.700000e+00 3.600000e+00 1.271000e+01 5.941800e+00
1.800000e+00 3.600000e+00 1.062000e+01 4.947200e+00
1.900000e+00 3.600000e+00 8.595300e+00 3.987900e+00
2.000000e+00 3.600000e+00 6.746500e+00 3.123500e+00
2.100000e+00 3.600000e+00 5.144600e+00 2.384500e+00
2.200000e+00 3.600000e+00 3.816700e+00 1.774600e+00
2.300000e+00 3.600000e+00 2.754700e+00 1.282600e+00
2.400000e+00 3.600000e+00 1.930200e+00 8.940700e-01
2.500000e+00 3.600000e+00 1.308900e+00 5.970400e-01
2.600000e+00 3.600000e+00 8.581700e-01 3.814200e-01
2.700000e+00 3.600000e+00 5.473300e-01 2.358900e-01
2.800000e+00 3.600000e+00 3.462200e-01 1.456700e-01
2.900000e+00 3.600000e+00 2.244600e-01 9.369100e-02
3.000000e+00 3.600000e+00 1.538300e-01 6.427900e-02
3.100000e+00 3.600000e+00 1.119400e-01 4.633900e-02
3.200000e+00 3.600000e+00 8.443900e-02 3.395800e-02
3.300000e+00 3.600000e+00 6.420200e-02 2.478300e-02
3.400000e+00 3.600000e+00 4.853600e-02 1.799200e-02
3.500000e+00 3.600000e+00 3.650900e-02 1.309800e-02
3.600000e+00 3.600000e+00 2.758300e-02 9.640800e-03
3.700000e+00 3.600000e+00 2.119900e-02 7.226100e-03
3.800000e+00 3.600000e+00 1.673500e-02 5.554900e-03
3.900000e+00 3.600000e+00 1.358400e-02 4.399600e-03
4.000000e+00 3.600000e+00 1.125200e-02 3.584200e-03
4.100000e+00 3.600000e+00 9.411800e-03 2.979500e-03
4.200000e+00 3.600000e+00 7.883000e-03 2.499100e-03
4.300000e+00 3.600000e+00 6.585800e-03 2.092200e-03
4.400000e+00 3.600000e+00 5.491500e-03 1.737600e-03
4.500000e+00 3.600000e+00 4.590300e-03 1.436800e-03
4.600000e+00 3.600000e+00 3.853400e-03 1.192500e-03
4.700000e+00 3.600000e+00 3.198600e-03 9.772700e-04
4.800000e+00 3.600000e+00 2.550500e-03 7.478400e-04
4.900000e+00 3.600000e+00 1.958300e-03 5.184900e-04
5.000000e+00 3.600000e+00 1.544900e-03 3.887700e-04
5.100000e+00 3.600000e+00 1.267600e-03 4.212000e-04
5.200000e+00 3.600000e+00 8.890700e-04 4.799200e-04
5.300000e+00 3.600000e+00 3.326500e-04 3.106300e-04
5.400000e+00 3.600000e+00 -6.191600e-05 -1.052800e-04
5.500000e+00 3.600000e+00 1.501800e-04 -3.698500e-04
5.600000e+00 3.600000e+00 9.308600e-04 -5.499100e-05
5.700000e+00 3.600000e+00 1.587100e-03 7.084000e-04
5.800000e+00 3.600000e+00 1.271700e-03 1.199400e-03
5.900000e+00 3.600000e+00 -2.340300e-04 7.310300e-04
6.000000e+00 3.600000e+00 -2.059000e-03 -6.743800e-04
1.000000e-03 3.800000e+00 5.362600e+00 1.178900e+00
1.000000e-01 3.800000e+00 5.272400e+00 1.331900e+00
2.000000e-01 3.800000e+00 5.067100e+00 1.725400e+00
3.000000e-01 3.800000e+00 4.893700e+00 2.199300e+00
4.000000e-01 3.800000e+00 4.888600e+00 2.588300e+00
5.000000e-01 3.800000e+00 5.132100e+00 2.819400e+00
6.000000e-01 3.800000e+00 5.661200e+00 2.952400e+00
7.000000e-01 3.800000e+00 6.481700e+00 3.127500e+00
8.000000e-01 3.800000e+00 7.548400e+00 3.454100e+00
9.000000e-01 3.800000e+00 8.749900e+00 3.936500e+00
1.000000e+00 3.800000e+00 9.938600e+00 4.489000e+00
1.100000e+00 3.800000e+00 1.097800e+01 5.005300e+00
1.200000e+00 3.800000e+00 1.175900e+01 5.404800e+00
1.300000e+00 3.800000e+00 1.218600e+01 5.634400e+00
1.400000e+00 3.800000e+00 1.218700e+01 5.659200e+00
1.500000e+00 3.800000e+00 1.174400e+01 5.468100e+00
1.600000e+00 3.800000e+00 1.090100e+01 5.079800e+00
1.700000e+00 3.800000e+00 9.749700e+00 4.538400e+00
1.800000e+00 3.800000e+00 8.411200e+00 3.904600e+00
1.900000e+00 3.800000e+00 7.011000e+00 3.244200e+00
2.000000e+00 3.800000e+00 5.658800e+00 2.613800e+00
2.100000e+00 3.800000e+00 4.434200e+00 2.050100e+00
2.200000e+00 3.800000e+00 3.381400e+00 1.568000e+00
2.300000e+00 3.800000e+00 2.512600e+00 1.168000e+00
2.400000e+00 3.800000e+00 1.818500e+00 8.444700e-01
2.500000e+00 3.800000e+00 1.279300e+00 5.898100e-01
2.600000e+00 3.800000e+00 8.734200e-01 3.968600e-01
2.700000e+00 3.800000e+00 5.805700e-01 2.584500e-01
2.800000e+00 3.800000e+00 3.805900e-01 1.657800e-01
2.900000e+00 3.800000e+00 2.514000e-01 1.076800e-01
3.000000e+00 3.800000e+00 1.707300e-01 7.239100e-02
3.100000e+00 3.800000e+00 1.200000e-01 5.040800e-02
3.200000e+00 3.800000e+00 8.652400e-02 3.571300e-02
3.300000e+00 3.800000e+00 6.301300e-02 2.525700e-02
3.400000e+00 3.800000e+00 4.586300e-02 1.770300e-02
3.500000e+00 3.800000e+00 3.338800e-02 1.237600e-02
3.600000e+00 3.800000e+00 2.458100e-02 8.751400e-03
3.700000e+00 3.800000e+00 1.854900e-02 6.350800e-03
3.800000e+00 3.800000e+00 1.445800e-02 4.782600e-03
3.900000e+00 3.800000e+00 1.163200e-02 3.758500e-03
4.000000e+00 3.800000e+00 9.607800e-03 3.076400e-03
4.100000e+00 3.800000e+00 8.086900e-03 2.596000e-03
4.200000e+00 3.800000e+00 6.883600e-03 2.224500e-03
4.300000e+00 3.800000e+00 5.890000e-03 1.910200e-03
4.400000e+00 3.800000e+00 5.036300e-03 1.632600e-03
4.500000e+00 3.800000e+00 4.268100e-03 1.384400e-03
4.600000e+00 3.800000e+00 3.562600e-03 1.157800e-03
4.700000e+00 3.800000e+00 2.942200e-03 9.432000e-04
4.800000e+00 3.800000e+00 2.430800e-03 7.417900e-04
4.900000e+00 3.800000e+00 2.013700e-03 5.775900e-04
5.000000e+00 3.800000e+00 1.676400e-03 4.922700e-04
5.100000e+00 3.800000e+00 1.417700e-03 4.898200e-04
5.200000e+00 3.800000e+00 1.137900e-03 4.539500e-04
5.300000e+00 3.800000e+00 6.847700e-04 2.259200e-04
5.400000e+00 3.800000e+00 2.306500e-04 -9.846200e-05
5.500000e+00 3.800000e+00 3.120900e-04 -1.174100e-04
5.600000e+00 3.800000e+00 1.041400e-03 3.442600e-04
5.700000e+00 3.800000e+00 1.584000e-03 8.243200e-04
5.800000e+00 3.800000e+00 1.002600e-03 7.113100e-04
5.900000e+00 3.800000e+00 -5.360800e-04 -2.153100e-05
6.000000e+00 3.800000e+00 -1.757300e-03 -8.538100e-04
1.000000e-03 4.000000e+00 5.261800e+00 1.565000e+00
1.000000e-01 4.000000e+00 5.053300e+00 1.601600e+00
2.000000e-01 4.000000e+00 4.523300e+00 1.691100e+00
3.000000e-01 4.000000e+00 3.894200e+00 1.780600e+00
4.000000e-01 4.000000e+00 3.385600e+00 1.814300e+00
5.000000e-01 4.000000e+00 3.130800e+00 1.778900e+00
6.000000e-01 4.000000e+00 3.181500e+00 1.730500e+00
7.000000e-01 4.000000e+00 3.542800e+00 1.765100e+00
8.000000e-01 4.000000e+00 4.176100e+00 1.948900e+00
9.000000e-01 4.000000e+00 4.989100e+00 2.271300e+00
1.000000e+00 4.000000e+00 5.857100e+00 2.661600e+00
1.100000e+00 4.000000e+00 6.667000e+00 3.043300e+00
1.200000e+00 4.000000e+00 7.341300e+00 3.366700e+00
1.300000e+00 4.000000e+00 7.831000e+00 3.605000e+00
1.400000e+00 4.000000e+00 8.097400e+00 3.738100e+00
1.500000e+00 4.000000e+00 8.102300e+00 3.747200e+00
1.600000e+00 4.000000e+00 7.817800e+00 3.619500e+00
1.700000e+00 4.000000e+00 7.252000e+00 3.358200e+00
1.800000e+00 4.000000e+00 6.462500e+00 2.989300e+00
1.900000e+00 4.000000e+00 5.542400e+00 2.558000e+00
2.000000e+00 4.000000e+00 4.590000e+00 2.114000e+00
2.100000e+00 4.000000e+00 3.685200e+00 1.696400e+00
2.200000e+00 4.000000e+00 2.879300e+00 1.327600e+00
2.300000e+00 4.000000e+00 2.195600e+00 1.015600e+00
2.400000e+00 4.000000e+00 1.636700e+00 7.594900e-01
2.500000e+00 4.000000e+00 1.193300e+00 5.539200e-01
2.600000e+00 4.000000e+00 8.505600e-01 3.926200e-01
2.700000e+00 4.000000e+00 5.930400e-01 2.700600e-01
2.800000e+00 4.000000e+00 4.057800e-01 1.810900e-01
2.900000e+00 4.000000e+00 2.743400e-01 1.198100e-01
3.000000e+00 4.000000e+00 1.849600e-01 7.946000e-02
3.100000e+00 4.000000e+00 1.254800e-01 5.340000e-02
3.200000e+00 4.000000e+00 8.608000e-02 3.634000e-02
3.300000e+00 4.000000e+00 5.960200e-02 2.478900e-02
3.400000e+00 4.000000e+00 4.147100e-02 1.680600e-02
3.500000e+00 4.000000e+00 2.905800e-02 1.135000e-02
3.600000e+00 4.000000e+00 2.074600e-02 7.735900e-03
3.700000e+00 4.000000e+00 1.529700e-02 5.410100e-03
3.800000e+00 4.000000e+00 1.170800e-02 3.939700e-03
3.900000e+00 4.000000e+00 9.274400e-03 3.021800e-03
4.000000e+00 4.000000e+00 7.580800e-03 2.453400e-03
4.100000e+00 4.000000e+00 6.378400e-03 2.091500e-03
4.200000e+00 4.000000e+00 5.493500e-03 1.834000e-03
4.300000e+00 4.000000e+00 4.791600e-03 1.619700e-03
4.400000e+00 4.000000e+00 4.160300e-03 1.420000e-03
4.500000e+00 4.000000e+00 3.514800e-03 1.219300e-03
4.600000e+00 4.000000e+00 2.850800e-03 1.007000e-03
4.700000e+00 4.000000e+00 2.276300e-03 7.940900e-04
4.800000e+00 4.000000e+00 1.908500e-03 6.226700e-04
4.900000e+00 4.000000e+00 1.714500e-03 5.298800e-04
5.000000e+00 4.000000e+00 1.531900e-03 4.963700e-04
5.100000e+00 4.000000e+00 1.269000e-03 4.470100e-04
5.200000e+00 4.000000e+00 9.791500e-04 3.130500e-04
5.300000e+00 4.000000e+00 7.478900e-04 1.202900e-04
5.400000e+00 4.000000e+00 6.441700e-04 2.940400e-05
5.500000e+00 4.000000e+00 7.040800e-04 1.890000e-04
5.600000e+00 4.000000e+00 7.818100e-04 4.645000e-04
5.700000e+00 4.000000e+00 5.914300e-04 4.758800e-04
5.800000e+00 4.000000e+00 9.485700e-05 7.355500e-05
5.900000e+00 4.000000e+00 -3.541600e-04 -4.051900e-04
6.000000e+00 4.000000e+00 -3.583400e-04 -5.297300e-04
1.000000e-03 4.500000e+00 3.629500e+00 1.059900e+00
1.000000e-01 4.500000e+00 3.442600e+00 1.049200e+00
2.000000e-01 4.500000e+00 2.937900e+00 1.010500e+00
3.000000e-01 4.500000e+00 2.257600e+00 9.271100e-01
4.000000e-01 4.500000e+00 1.569600e+00 7.883200e-01
5.000000e-01 4.500000e+00 1.009200e+00 6.119000e-01
6.000000e-01 4.500000e+00 6.559700e-01 4.501800e-01
7.000000e-01 4.500000e+00 5.393700e-01 3.642800e-01
8.000000e-01 4.500000e+00 6.500600e-01 3.868600e-01
9.000000e-01 4.500000e+00 9.436800e-01 5.049800e-01
1.000000e+00 4.500000e+00 1.340100e+00 6.720300e-01
1.100000e+00 4.500000e+00 1.742200e+00 8.363500e-01
1.200000e+00 4.500000e+00 2.083600e+00 9.697000e-01
1.300000e+00 4.500000e+00 2.360700e+00 1.076500e+00
1.400000e+00 4.500000e+00 2.602800e+00 1.174700e+00
1.500000e+00 4.500000e+00 2.813700e+00 1.268100e+00
1.600000e+00 4.500000e+00 2.955600e+00 1.337900e+00
1.700000e+00 4.500000e+00 2.981900e+00 1.358600e+00
1.800000e+00 4.500000e+00 2.873300e+00 1.316200e+00
1.900000e+00 4.500000e+00 2.646500e+00 1.215000e+00
2.000000e+00 4.500000e+00 2.341900e+00 1.073700e+00
2.100000e+00 4.500000e+00 2.004400e+00 9.157700e-01
2.200000e+00 4.500000e+00 1.669800e+00 7.608600e-01
2.300000e+00 4.500000e+00 1.360900e+00 6.211700e-01
2.400000e+00 4.500000e+00 1.090400e+00 5.013400e-01
2.500000e+00 4.500000e+00 8.628300e-01 4.006000e-01
2.600000e+00 4.500000e+00 6.749300e-01 3.153300e-01
2.700000e+00 4.500000e+00 5.186200e-01 2.417800e-01
2.800000e+00 4.500000e+00 3.868400e-01 1.782900e-01
2.900000e+00 4.500000e+00 2.772300e-01 1.256200e-01
3.000000e+00 4.500000e+00 1.904100e-01 8.485900e-02
3.100000e+00 4.500000e+00 1.260800e-01 5.558500e-02
3.200000e+00 4.500000e+00 8.128300e-02 3.571600e-02
3.300000e+00 4.500000e+00 5.152700e-02 2.266400e-02
3.400000e+00 4.500000e+00 3.241000e-02 1.424200e-02
3.500000e+00 4.500000e+00 2.050000e-02 8.902200e-03
3.600000e+00 4.500000e+00 1.332000e-02 5.593900e-03
3.700000e+00 4.500000e+00 9.087400e-03 3.590700e-03
3.800000e+00 4.500000e+00 6.560600e-03 2.404000e-03
3.900000e+00 4.500000e+00 4.979800e-03 1.725000e-03
4.000000e+00 4.500000e+00 3.951800e-03 1.357200e-03
4.100000e+00 4.500000e+00 3.283200e-03 1.162900e-03
4.200000e+00 4.500000e+00 2.846000e-03 1.044600e-03
4.300000e+00 4.500000e+00 2.518900e-03 9.451400e-04
4.400000e+00 4.500000e+00 2.190600e-03 8.403300e-04
4.500000e+00 4.500000e+00 1.795400e-03 7.198500e-04
4.600000e+00 4.500000e+00 1.357900e-03 5.793300e-04
4.700000e+00 4.500000e+00 1.000300e-03 4.372500e-04
4.800000e+00 4.500000e+00 8.578300e-04 3.446400e-04
4.900000e+00 4.500000e+00 9.241300e-04 3.376600e-04
5.000000e+00 4.500000e+00 9.817700e-04 3.570300e-04
5.100000e+00 4.500000e+00 8.094800e-04 2.775900e-04
5.200000e+00 4.500000e+00 5.409700e-04 1.074200e-04
5.300000e+00 4.500000e+00 6.014100e-04 7.176900e-05
5.400000e+00 4.500000e+00 1.010000e-03 2.971500e-04
5.500000e+00 4.500000e+00 1.032300e-03 4.880000e-04
5.600000e+00 4.500000e+00 1.154000e-04 2.377400e-04
5.700000e+00 4.500000e+00 -1.013500e-03 -3.446600e-04
5.800000e+00 4.500000e+00 -9.860500e-04 -6.584000e-04
5.900000e+00 4.500000e+00 4.069900e-04 -3.096000e-04
6.000000e+00 4.500000e+00 1.772400e-03 4.533800e-04
1.000000e-03 5.000000e+00 2.214600e+00 7.057300e-01
1.000000e-01 5.000000e+00 2.104700e+00 6.876800e-01
2.000000e-01 5.000000e+00 1.814600e+00 6.350800e-01
3.000000e-01 5.000000e+00 1.441300e+00 5.536100e-01
4.000000e-01 5.000000e+00 1.082100e+00 4.529700e-01
5.000000e-01 5.000000e+00 7.838100e-01 3.438600e-01
6.000000e-01 5.000000e+00 5.492600e-01 2.389100e-01
7.000000e-01 5.000000e+00 3.827000e-01 1.574400e-01
8.000000e-01 5.000000e+00 2.984800e-01 1.183500e-01
9.000000e-01 5.000000e+00 2.894900e-01 1.228100e-01
1.000000e+00 5.000000e+00 3.291300e-01 1.548300e-01
1.100000e+00 5.000000e+00 4.067300e-01 2.014400e-01
1.200000e+00 5.000000e+00 5.215800e-01 2.585900e-01
1.300000e+00 5.000000e+00 6.483800e-01 3.172100e-01
1.400000e+00 5.000000e+00 7.481500e-01 3.618300e-01
1.500000e+00 5.000000e+00 8.089900e-01 3.859700e-01
1.600000e+00 5.000000e+00 8.483400e-01 3.969900e-01
1.700000e+00 5.000000e+00 8.824200e-01 4.053200e-01
1.800000e+00 5.000000e+00 9.118000e-01 4.156900e-01
1.900000e+00 5.000000e+00 9.285700e-01 4.259100e-01
2.000000e+00 5.000000e+00 9.238500e-01 4.287100e-01
2.100000e+00 5.000000e+00 8.911600e-01 4.164000e-01
2.200000e+00 5.000000e+00 8.297800e-01 3.867100e-01
2.300000e+00 5.000000e+00 7.456700e-01 3.441900e-01
2.400000e+00 5.000000e+00 6.480000e-01 2.962500e-01
2.500000e+00 5.000000e+00 5.453200e-01 2.486100e-01
2.600000e+00 5.000000e+00 4.447800e-01 2.040100e-01
2.700000e+00 5.000000e+00 3.525400e-01 1.635200e-01
2.800000e+00 5.000000e+00 2.727400e-01 1.276700e-01
2.900000e+00 5.000000e+00 2.062600e-01 9.665300e-02
3.000000e+00 5.000000e+00 1.517500e-01 7.047500e-02
3.100000e+00 5.000000e+00 1.076600e-01 4.917400e-02
3.200000e+00 5.000000e+00 7.319200e-02 3.273700e-02
3.300000e+00 5.000000e+00 4.771700e-02 2.084800e-02
3.400000e+00 5.000000e+00 3.013700e-02 1.281900e-02
3.500000e+00 5.000000e+00 1.879800e-02 7.742900e-03
3.600000e+00 5.000000e+00 1.189300e-02 4.712200e-03
3.700000e+00 5.000000e+00 7.862200e-03 2.987100e-03
3.800000e+00 5.000000e+00 5.565400e-03 2.041300e-03
3.900000e+00 5.000000e+00 4.242400e-03 1.526800e-03
4.000000e+00 5.000000e+00 3.422700e-03 1.222700e-03
4.100000e+00 5.000000e+00 2.843600e-03 1.002100e-03
4.200000e+00 5.000000e+00 2.380600e-03 8.090900e-04
4.300000e+00 5.000000e+00 1.991500e-03 6.368300e-04
4.400000e+00 5.000000e+00 1.676200e-03 5.025400e-04
4.500000e+00 5.000000e+00 1.448300e-03 4.210800e-04
4.600000e+00 5.000000e+00 1.303000e-03 3.863300e-04
4.700000e+00 5.000000e+00 1.196000e-03 3.709500e-04
4.800000e+00 5.000000e+00 1.068000e-03 3.451100e-04
4.900000e+00 5.000000e+00 9.160100e-04 3.008900e-04
5.000000e+00 5.000000e+00 8.304700e-04 2.655900e-04
5.100000e+00 5.000000e+00 8.820600e-04 2.744600e-04
5.200000e+00 5.000000e+00 9.280500e-04 3.004900e-04
5.300000e+00 5.000000e+00 6.926600e-04 2.549200e-04
5.400000e+00 5.000000e+00 2.216000e-04 1.331500e-04
5.500000e+00 5.000000e+00 2.464400e-05 7.472100e-05
5.600000e+00 5.000000e+00 3.976300e-04 1.372000e-04
5.700000e+00 5.000000e+00 8.503100e-04 1.525400e-04
5.800000e+00 5.000000e+00 7.246900e-04 3.037400e-05
5.900000e+00 5.000000e+00 1.279800e-04 2.810800e-06
6.000000e+00 5.000000e+00 -3.442000e-04 2.269600e-04