   100        0.0000000000000000e+00
   300        5.3341048183985080e-07
   500        5.4691218068647558e-06
   700        1.1284637902350416e-05
   900        1.4971328135763964e-05
  1100        1.7259806021185263e-05
  1300        1.8534398766166340e-05
  1500        1.9191929180997630e-05
  1700        1.9693098028062324e-05
  1900        2.0154837723059020e-05
  2100        2.0477259048223709e-05
  2300        2.0327020040001458e-05
  2500        2.0658914014834100e-05
  2700        2.0651277902826832e-05
  2900        2.0864449874605022e-05
