    25.000  0.96739105E+07
    34.960  0.14560975E+08
    44.920  0.19925502E+08
    54.880  0.25748141E+08
    64.840  0.32009540E+08
    74.800  0.38690348E+08
    84.760  0.46617443E+08
    94.720  0.54377396E+08
   104.680  0.62068361E+08
   114.640  0.69812537E+08
   124.600  0.77732123E+08
   134.560  0.85449536E+08
   144.520  0.93901867E+08
   154.479  0.10315554E+09
   164.439  0.11324801E+09
   174.399  0.12421674E+09
   184.359  0.13567939E+09
   194.319  0.14835053E+09
   204.279  0.16223265E+09
   214.239  0.17729104E+09
   224.199  0.19349097E+09
   234.159  0.21058907E+09
   244.119  0.22888335E+09
   254.079  0.24832785E+09
   264.039  0.26885146E+09
   273.999  0.29038305E+09
   283.959  0.31301721E+09
   293.919  0.33642171E+09
   303.879  0.36052923E+09
   313.839  0.38529800E+09
   323.799  0.41068625E+09
   333.759  0.43714580E+09
   343.719  0.46386687E+09
   353.679  0.49080326E+09
   363.639  0.51800198E+09
   373.599  0.54551003E+09
   383.559  0.57014559E+09
   393.519  0.59691297E+09
   403.478  0.62599618E+09
   413.438  0.65685203E+09
   423.398  0.68893735E+09
   433.358  0.72318006E+09
   443.318  0.75681000E+09
   453.278  0.78917015E+09
   463.238  0.81999073E+09
   473.198  0.84900199E+09
   483.158  0.87781922E+09
   493.118  0.90336145E+09
   503.078  0.92514402E+09
   513.038  0.94325364E+09
   522.998  0.95777698E+09
   532.958  0.97020301E+09
   542.918  0.97856023E+09
   552.878  0.98272175E+09
   562.838  0.98304419E+09
   572.798  0.97988421E+09
   582.758  0.97195466E+09
   592.718  0.96198430E+09
   602.678  0.95064629E+09
   612.638  0.93797491E+09
   622.598  0.92400444E+09
   632.558  0.90869197E+09
   642.518  0.89218114E+09
   652.477  0.87452436E+09
   662.437  0.85574046E+09
   672.397  0.83584829E+09
   682.357  0.81575303E+09
   692.317  0.79424155E+09
   702.277  0.77108513E+09
   712.237  0.74648337E+09
   722.197  0.72063592E+09
   732.157  0.69366381E+09
   742.117  0.66587363E+09
   752.077  0.63749063E+09
   762.037  0.60869809E+09
   771.997  0.57967924E+09
   781.957  0.55016686E+09
   791.917  0.52094387E+09
   801.877  0.49236275E+09
   811.837  0.46451093E+09
   821.797  0.43747580E+09
   831.757  0.41075491E+09
   841.717  0.38520200E+09
   851.677  0.36115690E+09
   861.637  0.33857868E+09
   871.597  0.31742638E+09
   881.557  0.29742854E+09
   891.517  0.27883593E+09
   901.476  0.26171903E+09
   911.436  0.24598555E+09
   921.396  0.23154320E+09
   931.356  0.21859949E+09
   941.316  0.20669349E+09
   951.276  0.19557040E+09
   961.236  0.18520633E+09
   971.196  0.17557740E+09
   981.156  0.16637544E+09
   991.116  0.15791531E+09
  1001.076  0.15034506E+09
  1011.036  0.14357425E+09
  1020.996  0.13751249E+09
  1030.956  0.13252467E+09
  1040.916  0.12799628E+09
  1050.876  0.12353123E+09
  1060.836  0.11914854E+09
  1070.796  0.11486719E+09
  1080.756  0.11054731E+09
  1090.716  0.10638392E+09
  1100.676  0.10251394E+09
  1110.636  0.98917147E+08
  1120.596  0.95573292E+08
  1130.556  0.92466906E+08
  1140.516  0.89572681E+08
  1150.475  0.86866468E+08
  1160.435  0.84329237E+08
  1170.395  0.81941961E+08
  1180.355  0.79890747E+08
  1190.315  0.77948966E+08
  1200.275  0.75912901E+08
  1210.235  0.73817266E+08
  1220.195  0.71696772E+08
  1230.155  0.69232330E+08
  1240.115  0.66797837E+08
  1250.075  0.64777668E+08
  1260.035  0.63110879E+08
  1269.995  0.61736526E+08
  1279.955  0.60939560E+08
  1289.915  0.60347331E+08
  1299.875  0.59524204E+08
  1309.835  0.58505894E+08
  1319.795  0.57328120E+08
  1329.755  0.55910446E+08
  1339.715  0.54386030E+08
  1349.675  0.52928353E+08
  1359.635  0.51539528E+08
  1369.595  0.50221667E+08
  1379.555  0.48911509E+08
  1389.515  0.47661587E+08
  1399.474  0.46558856E+08
  1409.434  0.45585812E+08
  1419.394  0.44724949E+08
  1429.354  0.44058710E+08
  1439.314  0.43499871E+08
  1449.274  0.42889025E+08
  1459.234  0.42239836E+08
  1469.194  0.41565968E+08
  1479.154  0.40746280E+08
  1489.114  0.39877596E+08
  1499.074  0.39182960E+08
  1509.034  0.38632257E+08
  1518.994  0.38195371E+08
  1528.954  0.38011550E+08
  1538.914  0.37961225E+08
  1548.874  0.37726338E+08
  1558.834  0.37334190E+08
  1568.794  0.36812083E+08
  1578.754  0.36091523E+08
  1588.714  0.35241014E+08
  1598.674  0.34466280E+08
  1608.634  0.33760633E+08
  1618.594  0.33117386E+08
  1628.554  0.32524039E+08
  1638.514  0.31975771E+08
  1648.473  0.31477767E+08
  1658.433  0.31021175E+08
  1668.393  0.30597142E+08
  1678.353  0.30268450E+08
  1688.313  0.30011966E+08
  1698.273  0.29658022E+08
  1708.233  0.29225853E+08
  1718.193  0.28734698E+08
  1728.153  0.28101483E+08
  1738.113  0.27351810E+08
  1748.073  0.26757882E+08
  1758.033  0.26296537E+08
  1767.993  0.25944618E+08
  1777.953  0.25772163E+08
  1787.913  0.25764713E+08
  1797.873  0.25644618E+08
  1807.833  0.25429699E+08
  1817.793  0.25137776E+08
  1827.753  0.24709716E+08
  1837.713  0.24142458E+08
  1847.673  0.23686680E+08
  1857.633  0.23324133E+08
  1867.593  0.23036569E+08
  1877.553  0.22892786E+08
  1887.513  0.22916067E+08
  1897.472  0.22795022E+08
  1907.432  0.22555125E+08
  1917.392  0.22221851E+08
  1927.352  0.21719725E+08
  1937.312  0.21001769E+08
  1947.272  0.20473772E+08
  1957.232  0.20106530E+08
  1967.192  0.19870835E+08
  1977.152  0.19839690E+08
  1987.112  0.20086380E+08
  1997.072  0.20148253E+08
  2007.032  0.20056236E+08
  2016.992  0.19841259E+08
  2026.952  0.19434690E+08
  2036.912  0.18733440E+08
  2046.872  0.18247452E+08
  2056.832  0.17943472E+08
  2066.792  0.17788245E+08
  2076.752  0.17830468E+08
  2086.712  0.18181747E+08
  2096.672  0.18357114E+08
  2106.632  0.18381820E+08
  2116.592  0.18281113E+08
  2126.552  0.18031318E+08
  2136.512  0.17545262E+08
  2146.471  0.17161001E+08
  2156.431  0.16864592E+08
  2166.391  0.16642092E+08
  2176.351  0.16509002E+08
  2186.311  0.16539265E+08
  2196.271  0.16497052E+08
  2206.231  0.16395336E+08
  2216.191  0.16247091E+08
  2226.151  0.16033684E+08
  2236.111  0.15644509E+08
  2246.071  0.15379341E+08
  2256.031  0.15217444E+08
  2265.991  0.15138084E+08
  2275.951  0.15148970E+08
  2285.911  0.15377976E+08
  2295.871  0.15484062E+08
  2305.831  0.15482992E+08
  2315.791  0.15390533E+08
  2325.751  0.15213316E+08
  2335.711  0.14900999E+08
  2345.671  0.14602781E+08
  2355.631  0.14319677E+08
  2365.591  0.14052697E+08
  2375.551  0.13800459E+08
  2385.511  0.13538294E+08
  2395.470  0.13316091E+08
  2405.430  0.13129618E+08
  2415.390  0.12974640E+08
  2425.350  0.12848431E+08
  2435.310  0.12774142E+08
  2445.270  0.12698112E+08
  2455.230  0.12621260E+08
  2465.190  0.12544506E+08
  2475.150  0.12468083E+08
  2485.110  0.12361598E+08
  2495.070  0.12279831E+08
  2505.030  0.12218243E+08
  2514.990  0.12172297E+08
  2524.950  0.12137455E+08
  2534.910  0.12207058E+08
  2544.870  0.12214120E+08
  2554.830  0.12169631E+08
  2564.790  0.12085263E+08
  2574.750  0.11972691E+08
  2584.710  0.11656046E+08
  2594.670  0.11455177E+08
  2604.630  0.11356976E+08
  2614.590  0.11341641E+08
  2624.550  0.11389370E+08
  2634.510  0.11689521E+08
  2644.469  0.11882164E+08
  2654.429  0.11969381E+08
  2664.389  0.11966957E+08
  2674.349  0.11890676E+08
  2684.309  0.11649762E+08
  2694.269  0.11431398E+08
  2704.229  0.11243268E+08
  2714.189  0.11082769E+08
  2724.149  0.10947297E+08
  2734.109  0.10860764E+08
  2744.069  0.10778407E+08
  2754.029  0.10698847E+08
  2763.989  0.10624123E+08
  2773.949  0.10556276E+08
  2783.909  0.10416050E+08
  2793.869  0.10333185E+08
  2803.829  0.10308485E+08
  2813.789  0.10329539E+08
  2823.749  0.10383932E+08
  2833.709  0.10608947E+08
  2843.669  0.10760014E+08
  2853.629  0.10822147E+08
  2863.589  0.10809964E+08
  2873.549  0.10738086E+08
  2883.509  0.10481377E+08
  2893.468  0.10268286E+08
  2903.428  0.10120565E+08
  2913.388  0.10027183E+08
  2923.348  0.99771078E+07
  2933.308  0.10077262E+08
  2943.268  0.10138710E+08
  2953.228  0.10140234E+08
  2963.188  0.10092817E+08
  2973.148  0.10007446E+08
  2983.108  0.97848315E+07
  2993.068  0.95997720E+07
  3003.028  0.94768603E+07
  3012.988  0.94061375E+07
  3022.948  0.93776442E+07
  3032.908  0.94504100E+07
  3042.868  0.95136350E+07
  3052.828  0.95461695E+07
  3062.788  0.95513961E+07
  3072.748  0.95326976E+07
  3082.708  0.95065285E+07
  3092.668  0.94574908E+07
  3102.628  0.93863147E+07
  3112.588  0.92989586E+07
  3122.548  0.92013809E+07
  3132.508  0.90080302E+07
  3142.467  0.88539404E+07
  3152.427  0.87675581E+07
  3162.387  0.87364562E+07
  3172.347  0.87482074E+07
  3182.307  0.89144064E+07
  3192.267  0.90511118E+07
  3202.227  0.91098307E+07
  3212.187  0.91035611E+07
  3222.147  0.90453013E+07
  3232.107  0.88563958E+07
  3242.067  0.86739326E+07
  3252.027  0.85419168E+07
  3261.987  0.84541594E+07
  3271.947  0.84044711E+07
  3281.907  0.83899978E+07
  3291.867  0.84001373E+07
  3301.827  0.84274049E+07
  3311.787  0.84663250E+07
  3321.747  0.85114220E+07
  3331.707  0.86329365E+07
  3341.667  0.87276504E+07
  3351.627  0.87566576E+07
  3361.587  0.87310530E+07
  3371.547  0.86619312E+07
  3381.507  0.84792778E+07
  3391.466  0.82961128E+07
  3401.426  0.81639025E+07
  3411.386  0.80755682E+07
  3421.346  0.80240310E+07
  3431.306  0.80382577E+07
  3441.266  0.80671831E+07
  3451.226  0.80836356E+07
  3461.186  0.80888132E+07
  3471.146  0.80839141E+07
  3481.106  0.80746443E+07
  3491.066  0.80568752E+07
  3501.026  0.80290056E+07
  3510.986  0.79932958E+07
  3520.946  0.79520056E+07
  3530.906  0.78885798E+07
  3540.866  0.78267375E+07
  3550.826  0.77816957E+07
  3560.786  0.77511625E+07
  3570.746  0.77328458E+07
  3580.706  0.77253814E+07
  3590.666  0.77254600E+07
  3600.626  0.77300835E+07
  3610.586  0.77371907E+07
  3620.546  0.77447203E+07
  3630.506  0.77889041E+07
  3640.465  0.78274917E+07
  3650.425  0.78263142E+07
  3660.385  0.77931173E+07
  3670.345  0.77356469E+07
  3680.305  0.76015056E+07
  3690.265  0.74585246E+07
  3700.225  0.73698834E+07
  3710.185  0.73274490E+07
  3720.145  0.73230882E+07
  3730.105  0.73782167E+07
  3740.065  0.74567865E+07
  3750.025  0.75207809E+07
  3759.985  0.75701210E+07
  3769.945  0.76047278E+07
  3779.905  0.76462786E+07
  3789.865  0.76754171E+07
  3799.825  0.76679546E+07
  3809.785  0.76299438E+07
  3819.745  0.75674377E+07
  3829.705  0.74582290E+07
  3839.665  0.73316151E+07
  3849.625  0.72279325E+07
  3859.585  0.71449844E+07
  3869.545  0.70805737E+07
  3879.505  0.70355543E+07
  3889.464  0.70054306E+07
  3899.424  0.69839567E+07
  3909.384  0.69698597E+07
  3919.344  0.69618668E+07
  3929.304  0.69618711E+07
  3939.264  0.69664528E+07
  3949.224  0.69697426E+07
  3959.184  0.69714646E+07
  3969.144  0.69713432E+07
  3979.104  0.69753468E+07
  3989.064  0.69794811E+07
  3999.024  0.69735511E+07
  4008.984  0.69593303E+07
  4018.944  0.69385922E+07
  4028.904  0.69036407E+07
  4038.864  0.68610275E+07
  4048.824  0.68289961E+07
  4058.784  0.68060736E+07
  4068.744  0.67907873E+07
  4078.704  0.67850243E+07
  4088.664  0.67859546E+07
  4098.624  0.67857014E+07
  4108.584  0.67839985E+07
  4118.544  0.67805793E+07
  4128.504  0.67749408E+07
  4138.463  0.67668856E+07
  4148.423  0.67566421E+07
  4158.383  0.67438547E+07
  4168.343  0.67281676E+07
  4178.303  0.67165244E+07
  4188.263  0.67073533E+07
  4198.223  0.66835152E+07
  4208.183  0.66475554E+07
  4218.143  0.66020193E+07
  4228.103  0.65375085E+07
  4238.063  0.64568690E+07
  4248.023  0.63929109E+07
  4257.983  0.63431581E+07
  4267.943  0.63051348E+07
  4277.903  0.62838338E+07
  4287.863  0.62777918E+07
  4297.823  0.62636149E+07
  4307.783  0.62421627E+07
  4317.743  0.62142946E+07
  4327.703  0.61819223E+07
  4337.663  0.61462421E+07
  4347.623  0.61048438E+07
  4357.583  0.60590886E+07
  4367.543  0.60103374E+07
  4377.503  0.59535873E+07
  4387.462  0.58868033E+07
  4397.422  0.58333757E+07
  4407.382  0.57914101E+07
  4417.342  0.57590123E+07
  4427.302  0.57405091E+07
  4437.262  0.57388858E+07
  4447.222  0.57281216E+07
  4457.182  0.57097597E+07
  4467.142  0.56853434E+07
  4477.102  0.56503553E+07
  4487.062  0.55997780E+07
  4497.022  0.55616604E+07
  4506.982  0.55339008E+07
  4516.942  0.55143975E+07
  4526.902  0.55053461E+07
  4536.862  0.55108470E+07
  4546.822  0.55074284E+07
  4556.782  0.54958274E+07
  4566.742  0.54767811E+07
  4576.702  0.54533131E+07
  4586.662  0.54304785E+07
  4596.622  0.53959523E+07
  4606.582  0.53521494E+07
  4616.542  0.53014845E+07
  4626.502  0.52394335E+07
  4636.461  0.51513945E+07
  4646.421  0.50859290E+07
  4656.381  0.50397166E+07
  4666.341  0.50094373E+07
  4676.301  0.49970511E+07
  4686.261  0.50160777E+07
  4696.221  0.50216117E+07
  4706.181  0.50153374E+07
  4716.141  0.49989392E+07
  4726.101  0.49714641E+07
  4736.061  0.49235354E+07
  4746.021  0.48820156E+07
  4755.981  0.48456528E+07
  4765.941  0.48131951E+07
  4775.901  0.47864983E+07
  4785.861  0.47818503E+07
  4795.821  0.47608367E+07
  4805.781  0.47264081E+07
  4815.741  0.46815155E+07
  4825.701  0.46256830E+07
  4835.661  0.45347116E+07
  4845.621  0.44655203E+07
  4855.581  0.44151375E+07
  4865.541  0.43805918E+07
  4875.501  0.43605433E+07
  4885.460  0.43716386E+07
  4895.420  0.43740792E+07
  4905.380  0.43688176E+07
  4915.340  0.43568063E+07
  4925.300  0.43389334E+07
  4935.260  0.43147640E+07
  4945.220  0.42877237E+07
  4955.180  0.42585090E+07
  4965.140  0.42278164E+07
  4975.100  0.41961320E+07
  4985.060  0.41495566E+07
  4995.020  0.41136090E+07
  5004.980  0.40864878E+07
  5014.940  0.40663917E+07
  5024.900  0.40515193E+07
  5034.860  0.40544429E+07
  5044.820  0.40495637E+07
  5054.780  0.40372663E+07
  5064.740  0.40181380E+07
  5074.700  0.39927660E+07
  5084.660  0.39745540E+07
  5094.620  0.39430823E+07
  5104.580  0.39005447E+07
  5114.540  0.38496866E+07
  5124.499  0.37932536E+07
  5134.459  0.36987265E+07
  5144.419  0.36260428E+07
  5154.379  0.35745070E+07
  5164.339  0.35408436E+07
  5174.299  0.35217771E+07
  5184.259  0.35425402E+07
  5194.219  0.35541332E+07
  5204.179  0.35552385E+07
  5214.139  0.35475177E+07
  5224.099  0.35326328E+07
  5234.059  0.34937836E+07
  5244.019  0.34618995E+07
  5253.979  0.34379299E+07
  5263.939  0.34202918E+07
  5273.899  0.34074020E+07
  5283.859  0.34145012E+07
  5293.819  0.34136618E+07
  5303.779  0.34034219E+07
  5313.739  0.33852009E+07
  5323.699  0.33604183E+07
  5333.659  0.33228532E+07
  5343.619  0.32857348E+07
  5353.579  0.32506772E+07
  5363.539  0.32177148E+07
  5373.498  0.31868816E+07
  5383.458  0.31570430E+07
  5393.418  0.31300152E+07
  5403.378  0.31059021E+07
  5413.338  0.30845223E+07
  5423.298  0.30656948E+07
  5433.258  0.30461861E+07
  5443.218  0.30304013E+07
  5453.178  0.30184505E+07
  5463.138  0.30095803E+07
  5473.098  0.30030375E+07
  5483.058  0.30027901E+07
  5493.018  0.30010985E+07
  5502.978  0.29965817E+07
  5512.938  0.29893871E+07
  5522.898  0.29796621E+07
  5532.858  0.29684517E+07
  5542.818  0.29545968E+07
  5552.778  0.29380904E+07
  5562.738  0.29192542E+07
  5572.698  0.28984101E+07
  5582.658  0.28753240E+07
  5592.618  0.28511126E+07
  5602.578  0.28262164E+07
  5612.538  0.28008469E+07
  5622.497  0.27752161E+07
  5632.457  0.27461487E+07
  5642.417  0.27186109E+07
  5652.377  0.26936842E+07
  5662.337  0.26708965E+07
  5672.297  0.26497756E+07
  5682.257  0.26341596E+07
  5692.217  0.26176464E+07
  5702.177  0.25984602E+07
  5712.137  0.25770171E+07
  5722.097  0.25537331E+07
  5732.057  0.25334336E+07
  5742.017  0.25105981E+07
  5751.977  0.24840968E+07
  5761.937  0.24552736E+07
  5771.897  0.24254729E+07
  5781.857  0.23772831E+07
  5791.817  0.23367184E+07
  5801.777  0.23126525E+07
  5811.737  0.23023943E+07
  5821.697  0.23032525E+07
  5831.657  0.23284772E+07
  5841.617  0.23549325E+07
  5851.577  0.23726698E+07
  5861.537  0.23825072E+07
  5871.496  0.23852623E+07
  5881.456  0.23840607E+07
  5891.416  0.23768409E+07
  5901.376  0.23632385E+07
  5911.336  0.23445915E+07
  5921.296  0.23222381E+07
  5931.256  0.22822534E+07
  5941.216  0.22444565E+07
  5951.176  0.22189300E+07
  5961.136  0.22034851E+07
  5971.096  0.21959331E+07
  5981.056  0.22144513E+07
  5991.016  0.22329897E+07
  6000.976  0.22363771E+07
  6010.936  0.22272538E+07
  6020.896  0.22082604E+07
  6030.856  0.21596611E+07
  6040.816  0.21093766E+07
  6050.776  0.20758510E+07
  6060.736  0.20562739E+07
  6070.696  0.20478352E+07
  6080.656  0.20682949E+07
  6090.616  0.20925216E+07
  6100.576  0.21016634E+07
  6110.536  0.20980637E+07
  6120.495  0.20840662E+07
  6130.455  0.20491040E+07
  6140.415  0.20089118E+07
  6150.375  0.19769195E+07
  6160.335  0.19521393E+07
  6170.295  0.19335836E+07
  6180.255  0.19246597E+07
  6190.215  0.19200472E+07
  6200.175  0.19146122E+07
  6210.135  0.19085363E+07
  6220.095  0.19020014E+07
  6230.055  0.18924475E+07
  6240.015  0.18826075E+07
  6249.975  0.18755006E+07
  6259.935  0.18705552E+07
  6269.895  0.18671995E+07
  6279.855  0.18656389E+07
  6289.815  0.18646251E+07
  6299.775  0.18627055E+07
  6309.735  0.18595291E+07
  6319.695  0.18547453E+07
  6329.655  0.18590474E+07
  6339.615  0.18631852E+07
  6349.575  0.18531045E+07
  6359.535  0.18317081E+07
  6369.494  0.18018984E+07
  6379.454  0.17453864E+07
  6389.414  0.16806559E+07
  6399.374  0.16393756E+07
  6409.334  0.16179671E+07
  6419.294  0.16128522E+07
  6429.254  0.16387961E+07
  6439.214  0.16801471E+07
  6449.174  0.17060881E+07
  6459.134  0.17188769E+07
  6469.094  0.17207709E+07
  6479.054  0.17010847E+07
  6489.014  0.16695002E+07
  6498.974  0.16493062E+07
  6508.934  0.16384668E+07
  6518.894  0.16349463E+07
  6528.854  0.16485793E+07
  6538.814  0.16716275E+07
  6548.774  0.16809349E+07
  6558.734  0.16785814E+07
  6568.694  0.16666467E+07
  6578.654  0.16375096E+07
  6588.614  0.15969084E+07
  6598.574  0.15658430E+07
  6608.534  0.15428683E+07
  6618.493  0.15265390E+07
  6628.453  0.15225016E+07
  6638.413  0.15274528E+07
  6648.373  0.15247630E+07
  6658.333  0.15156960E+07
  6668.293  0.15015154E+07
  6678.253  0.14788894E+07
  6688.213  0.14496923E+07
  6698.173  0.14260113E+07
  6708.133  0.14072586E+07
  6718.093  0.13928461E+07
  6728.053  0.13835762E+07
  6738.013  0.13788793E+07
  6747.973  0.13745561E+07
  6757.933  0.13706121E+07
  6767.893  0.13670524E+07
  6777.853  0.13630657E+07
  6787.813  0.13585110E+07
  6797.773  0.13557393E+07
  6807.733  0.13543852E+07
  6817.693  0.13540836E+07
  6827.653  0.13551408E+07
  6837.613  0.13574404E+07
  6847.573  0.13584748E+07
  6857.533  0.13582045E+07
  6867.492  0.13565898E+07
  6877.452  0.13566481E+07
  6887.412  0.13601510E+07
  6897.372  0.13561783E+07
  6907.332  0.13462836E+07
  6917.292  0.13320204E+07
  6927.252  0.13076109E+07
  6937.212  0.12683484E+07
  6947.172  0.12450647E+07
  6957.132  0.12351787E+07
  6967.092  0.12361095E+07
  6977.052  0.12521530E+07
  6987.012  0.12887479E+07
  6996.972  0.13122819E+07
  7006.932  0.13244044E+07
  7016.892  0.13267646E+07
  7026.852  0.13184062E+07
  7036.812  0.12969511E+07
  7046.772  0.12774496E+07
  7056.732  0.12597861E+07
  7066.692  0.12438445E+07
  7076.652  0.12297701E+07
  7086.612  0.12179734E+07
  7096.572  0.12067915E+07
  7106.532  0.11963057E+07
  7116.491  0.11865971E+07
  7126.451  0.11773097E+07
  7136.411  0.11673801E+07
  7146.371  0.11599174E+07
  7156.331  0.11546294E+07
  7166.291  0.11512241E+07
  7176.251  0.11488644E+07
  7186.211  0.11453997E+07
  7196.171  0.11450304E+07
  7206.131  0.11469281E+07
  7216.091  0.11502643E+07
  7226.051  0.11564975E+07
  7236.011  0.11751006E+07
  7245.971  0.11822320E+07
  7255.931  0.11797263E+07
  7265.891  0.11694182E+07
  7275.851  0.11510199E+07
  7285.811  0.11133911E+07
  7295.771  0.10854037E+07
  7305.731  0.10658580E+07
  7315.691  0.10535540E+07
  7325.651  0.10477325E+07
  7335.611  0.10510335E+07
  7345.571  0.10547372E+07
  7355.531  0.10584630E+07
  7365.490  0.10618301E+07
  7375.450  0.10650261E+07
  7385.410  0.10754130E+07
  7395.370  0.10782691E+07
  7405.330  0.10747305E+07
  7415.290  0.10659335E+07
  7425.250  0.10527094E+07
  7435.210  0.10281569E+07
  7445.170  0.10075662E+07
  7455.130  0.99061870E+06
  7465.090  0.97699572E+06
  7475.050  0.96636480E+06
  7485.010  0.95644744E+06
  7494.970  0.95022133E+06
  7504.930  0.94703847E+06
  7514.890  0.94625087E+06
  7524.850  0.94721054E+06
  7534.810  0.95699594E+06
  7544.770  0.96219860E+06
  7554.730  0.96329479E+06
  7564.690  0.96092466E+06
  7574.650  0.95572838E+06
  7584.610  0.94448135E+06
  7594.570  0.93414171E+06
  7604.530  0.92489157E+06
  7614.489  0.91671806E+06
  7624.449  0.90960828E+06
  7634.409  0.90150359E+06
  7644.369  0.89569990E+06
  7654.329  0.89199926E+06
  7664.289  0.89003827E+06
  7674.249  0.88945353E+06
  7684.209  0.89236076E+06
  7694.169  0.89443166E+06
  7704.129  0.89545472E+06
  7714.089  0.89549746E+06
  7724.049  0.89462739E+06
  7734.009  0.89302735E+06
  7743.969  0.89058259E+06
  7753.929  0.88736419E+06
  7763.889  0.88346002E+06
  7773.849  0.87895793E+06
  7783.809  0.87425127E+06
  7793.769  0.86895107E+06
  7803.729  0.86314494E+06
  7813.689  0.85697546E+06
  7823.649  0.85058524E+06
  7833.609  0.84105565E+06
  7843.569  0.83324526E+06
  7853.529  0.82740056E+06
  7863.488  0.82310684E+06
  7873.448  0.81994943E+06
  7883.408  0.82295577E+06
  7893.368  0.82344312E+06
  7903.328  0.82062396E+06
  7913.288  0.81509084E+06
  7923.248  0.80743625E+06
  7933.208  0.79145887E+06
  7943.168  0.77792180E+06
  7953.128  0.76812874E+06
  7963.088  0.76139315E+06
  7973.048  0.75702847E+06
  7983.008  0.76210094E+06
  7992.968  0.76449831E+06
  8002.928  0.76242865E+06
  8012.888  0.75669116E+06
  8022.848  0.74808500E+06
  8032.808  0.73139663E+06
  8042.768  0.71613986E+06
  8052.728  0.70421011E+06
  8062.688  0.69523290E+06
  8072.648  0.68883378E+06
  8082.608  0.68666457E+06
  8092.568  0.68546579E+06
  8102.528  0.68440891E+06
  8112.487  0.68352261E+06
  8122.447  0.68283556E+06
  8132.407  0.68005384E+06
  8142.367  0.67845054E+06
  8152.327  0.67867673E+06
  8162.287  0.68028976E+06
  8172.247  0.68284697E+06
  8182.207  0.69232915E+06
  8192.167  0.69950245E+06
  8202.127  0.70190575E+06
  8212.087  0.70042696E+06
  8222.047  0.69595401E+06
  8232.007  0.67931146E+06
  8241.967  0.66486000E+06
  8251.927  0.65714094E+06
  8261.887  0.65491266E+06
  8271.847  0.65693353E+06
  8281.807  0.67292609E+06
  8291.767  0.68731510E+06
  8301.727  0.69431302E+06
  8311.687  0.69505047E+06
  8321.647  0.69065805E+06
  8331.607  0.67599186E+06
  8341.567  0.66017637E+06
  8351.527  0.64728628E+06
  8361.486  0.63706295E+06
  8371.446  0.62924771E+06
  8381.406  0.62320098E+06
  8391.366  0.61913596E+06
  8401.326  0.61699479E+06
  8411.286  0.61643243E+06
  8421.246  0.61710382E+06
  8431.206  0.62119809E+06
  8441.166  0.62532593E+06
  8451.126  0.62765045E+06
  8461.086  0.62841591E+06
  8471.046  0.62786657E+06
  8481.006  0.62357188E+06
  8490.966  0.61888269E+06
  8500.926  0.61579320E+06
  8510.886  0.61390921E+06
  8520.846  0.61283653E+06
  8530.806  0.61655363E+06
  8540.766  0.61977373E+06
  8550.726  0.61893595E+06
  8560.686  0.61471864E+06
  8570.646  0.60780016E+06
  8580.606  0.59569490E+06
  8590.566  0.58247757E+06
  8600.526  0.57135466E+06
  8610.485  0.56220605E+06
  8620.445  0.55491163E+06
  8630.405  0.54658235E+06
  8640.365  0.53993552E+06
  8650.325  0.53728586E+06
  8660.285  0.53779337E+06
  8670.245  0.54061805E+06
  8680.205  0.55171849E+06
  8690.165  0.56364385E+06
  8700.125  0.56898890E+06
  8710.085  0.56873710E+06
  8720.045  0.56387189E+06
  8730.005  0.55087569E+06
  8739.965  0.53485472E+06
  8749.925  0.52155814E+06
  8759.885  0.51072212E+06
  8769.845  0.50208283E+06
  8779.805  0.49682377E+06
  8789.765  0.49344371E+06
  8799.725  0.49000051E+06
  8809.685  0.48664538E+06
  8819.645  0.48352956E+06
  8829.605  0.47763341E+06
  8839.565  0.47160910E+06
  8849.525  0.46963166E+06
  8859.484  0.47090963E+06
  8869.444  0.47465153E+06
  8879.404  0.48541654E+06
  8889.364  0.49857880E+06
  8899.324  0.50591896E+06
  8909.284  0.50829783E+06
  8919.244  0.50657620E+06
  8929.204  0.49759249E+06
  8939.164  0.48477291E+06
  8949.124  0.47508697E+06
  8959.084  0.46810263E+06
  8969.044  0.46338783E+06
  8979.004  0.46250088E+06
  8988.964  0.46391270E+06
  8998.924  0.46388315E+06
  9008.884  0.46264759E+06
  9018.844  0.46044136E+06
  9028.804  0.45608344E+06
  9038.764  0.45045446E+06
  9048.724  0.44636806E+06
  9058.684  0.44356286E+06
  9068.644  0.44177749E+06
  9078.604  0.44254718E+06
  9088.564  0.44498261E+06
  9098.524  0.44523616E+06
  9108.483  0.44370729E+06
  9118.443  0.44079548E+06
  9128.403  0.43447938E+06
  9138.363  0.42571797E+06
  9148.323  0.42021799E+06
  9158.283  0.41744208E+06
  9168.243  0.41685291E+06
  9178.203  0.42031529E+06
  9188.163  0.42705626E+06
  9198.123  0.43074204E+06
  9208.083  0.43181675E+06
  9218.043  0.43072446E+06
  9228.003  0.42601244E+06
  9237.963  0.41802513E+06
  9247.923  0.41225767E+06
  9257.883  0.40833274E+06
  9267.843  0.40587299E+06
  9277.803  0.40659737E+06
  9287.763  0.41059916E+06
  9297.723  0.41132060E+06
  9307.683  0.40935088E+06
  9317.643  0.40527919E+06
  9327.603  0.39685218E+06
  9337.563  0.38345744E+06
  9347.523  0.37500019E+06
  9357.482  0.37066706E+06
  9367.442  0.36964469E+06
  9377.402  0.37428523E+06
  9387.362  0.38584494E+06
  9397.322  0.39192104E+06
  9407.282  0.39338170E+06
  9417.242  0.39109505E+06
  9427.202  0.38363690E+06
  9437.162  0.36975115E+06
  9447.122  0.35973759E+06
  9457.082  0.35314426E+06
  9467.042  0.34951920E+06
  9477.002  0.34846701E+06
  9486.962  0.34960667E+06
  9496.922  0.35222272E+06
  9506.882  0.35589882E+06
  9516.842  0.36021861E+06
  9526.802  0.36628707E+06
  9536.762  0.37620345E+06
  9546.722  0.38145430E+06
  9556.682  0.38268086E+06
  9566.642  0.38052430E+06
  9576.602  0.37465520E+06
  9586.562  0.36362507E+06
  9596.522  0.35404697E+06
  9606.481  0.34580768E+06
  9616.441  0.33879399E+06
  9626.401  0.33302882E+06
  9636.361  0.32877936E+06
  9646.321  0.32494966E+06
  9656.281  0.32154666E+06
  9666.241  0.31857733E+06
  9676.201  0.31576691E+06
  9686.161  0.31209410E+06
  9696.121  0.31000046E+06
  9706.081  0.30920454E+06
  9716.041  0.30942493E+06
  9726.001  0.31059463E+06
  9735.961  0.31347153E+06
  9745.921  0.31549423E+06
  9755.881  0.31664310E+06
  9765.841  0.31689854E+06
  9775.801  0.31686091E+06
  9785.761  0.32062805E+06
  9795.721  0.31973795E+06
  9805.681  0.31511140E+06
  9815.641  0.30766921E+06
  9825.601  0.29710136E+06
  9835.561  0.27247420E+06
  9845.521  0.25759077E+06
  9855.480  0.25089774E+06
  9865.440  0.25084181E+06
  9875.400  0.25638792E+06
  9885.360  0.27407379E+06
  9895.320  0.28755473E+06
  9905.280  0.29683075E+06
  9915.240  0.30190184E+06
  9925.200  0.30255671E+06
  9935.160  0.29085037E+06
  9945.120  0.27914403E+06
  9955.080  0.26743769E+06
  9965.040  0.25573135E+06
  9975.000  0.24402501E+06
